73 1500 1400 1500 130.709753 149.784892
137 1500 1400 1500 132.742429 154.284426
206 1500 1400 1500 137.927725 153.804915
274 1500 1400 1500 137.337664 151.546788
338 1500 1400 1500 136.557404 152.971559
406 1500 1400 1500 136.008087 154.183225
474 1500 1400 1500 132.828898 152.322394
538 1500 1400 1500 131.115002 155.688957
606 1500 1400 1500 125.876692 150.828357
674 1500 1400 1500 137.912638 152.201000
738 1500 1400 1500 128.373023 154.275199
806 1500 1400 1500 134.245045 154.686420
874 1500 1400 1500 139.067510 154.156600
940 1500 1400 1500 139.894583 152.571438
1007 1500 1400 1500 138.906519 156.043212
1073 1500 1400 1500 130.592930 151.826171
1139 1500 1400 1500 135.259186 152.358148
1206 1500 1400 1500 133.268631 156.137878
1274 1500 1400 1500 135.305581 155.562966
1338 1500 1400 1500 131.123250 153.921167
1408 1500 1400 1500 134.974544 150.965992
1474 1500 1400 1500 136.096955 152.135739
1538 1500 1400 1500 137.854405 151.246926
1606 1500 1400 1500 127.318012 148.884783
1676 1500 1400 1500 127.386021 154.274186
1738 1500 1400 1500 135.698233 150.566188
1806 1500 1400 1500 125.811388 148.763322
1872 1500 1400 1500 133.965719 150.122131
1939 1500 1400 1500 128.775063 152.009754
2005 1500 1400 1500 118.398030 149.131035
2069 1500 1400 1500 131.753816 152.844616
2137 1500 1400 1500 129.757858 148.739410
2206 1500 1400 1500 126.539270 148.206013
2270 1500 1400 1500 135.966726 152.870142
2338 1500 1400 1500 128.040818 152.543776
2406 1500 1400 1500 127.892908 149.242847
2470 1500 1400 1500 124.251838 152.617099
2538 1500 1400 1500 125.720137 149.424987
2606 1500 1400 1500 127.155770 149.706708
2670 1500 1400 1500 135.492150 149.289732
2738 1500 1400 1500 132.220448 153.426941
2806 1500 1400 1500 122.979171 149.331434
2870 1500 1400 1500 124.816165 151.607343
2938 1500 1400 1500 127.283280 149.315723
3005 1500 1400 1500 126.536014 148.262033
3069 1500 1400 1500 130.490894 152.373334
3137 1500 1400 1500 129.360818 151.490869
3206 1500 1400 1500 125.843072 148.481299
3270 1500 1400 1500 125.679974 147.791197
3338 1500 1400 1500 132.841112 150.921893
3406 1500 1400 1500 121.991722 151.753934
3470 1500 1400 1500 122.895016 150.972126
3538 1500 1400 1500 120.998589 150.185300
3606 1500 1400 1500 130.433112 152.006694
3670 1500 1400 1500 124.236741 150.007597
3738 1500 1400 1500 125.834866 155.231402
3808 1500 1400 1500 121.494615 153.293834
3871 1500 1400 1500 126.686507 148.047986
3938 1500 1400 1500 131.493397 149.121811
4005 1500 1400 1500 128.489684 151.858520
4071 1500 1400 1500 130.416571 144.571860
4137 1500 1400 1500 120.408626 150.559664
4205 1500 1400 1500 127.022096 148.018122
4270 1500 1400 1500 127.635682 150.392702
4341 1500 1400 1500 122.705877 144.786428
4402 1500 1400 1500 123.253715 149.713335
4470 1500 1400 1500 128.889840 153.552573
4542 1500 1400 1500 131.000289 150.993678
4602 1500 1400 1500 129.414103 155.943163
4670 1500 1400 1500 125.258532 149.501388
4738 1500 1400 1500 130.102192 148.117311
4802 1500 1400 1500 117.181127 146.789841
4870 1500 1400 1500 129.628930 149.310459
4938 1500 1400 1500 125.351144 146.965492
5001 1500 1400 1500 119.389052 149.161188
5069 1500 1400 1500 123.637183 154.613606
5137 1500 1400 1500 124.924387 155.222054
5201 1500 1400 1500 130.593454 152.592869
5270 1500 1400 1500 129.663868 150.561213
5338 1500 1400 1500 131.118188 151.000558
5402 1500 1400 1500 127.521194 150.626890
5470 1500 1400 1500 134.774284 148.935914
5538 1500 1400 1500 131.168141 150.416694
5602 1500 1400 1500 139.276089 149.703105
5670 1500 1400 1500 121.279396 151.583500
5738 1500 1400 1500 127.935476 150.876190
5804 1500 1400 1500 133.937922 151.150897
5870 1500 1400 1500 129.220555 153.183342
5938 1500 1400 1500 131.491601 151.914878
6001 1500 1400 1500 125.937512 149.028376
6071 1500 1400 1500 128.958643 151.697436
6137 1500 1400 1500 123.180251 150.846664
6201 1500 1400 1500 129.793153 151.192435
6270 1500 1400 1500 119.663952 146.069381
6334 1500 1400 1500 128.096246 148.738363
6404 1500 1400 1500 121.087393 150.903372
6470 1500 1400 1500 129.949648 149.379586
6534 1500 1400 1500 123.059986 154.783138
6602 1500 1400 1500 124.731750 147.899712
6673 1500 1400 1500 118.709174 153.958970
6734 1500 1400 1500 130.783717 154.346234
6804 1500 1400 1500 114.762311 155.406161
6870 1500 1400 1500 127.714055 152.411172
6936 1500 1400 1500 126.636652 151.801808
7001 1500 1400 1500 125.370449 156.151262
7071 1500 1400 1500 125.289800 151.014991
7133 1500 1400 1500 126.732942 149.979785
7204 1500 1400 1500 125.745207 148.087875
7270 1500 1400 1500 135.830057 152.556089
7334 1500 1400 1500 121.357264 153.726798
7402 1500 1400 1500 124.765171 152.475609
7470 1500 1400 1500 127.061410 154.865292
7534 1500 1400 1500 128.232905 150.141451
7603 1500 1400 1500 121.307777 154.550219
7670 1500 1400 1500 118.951768 155.686454
7734 1500 1400 1500 116.153187 148.802572
7802 1500 1400 1500 122.829917 149.218138
7872 1500 1400 1500 129.343094 147.623282
7934 1500 1400 1500 127.979643 155.464268
8001 1500 1400 1500 122.914262 150.912318
8069 1500 1400 1500 136.660480 147.541277
8133 1500 1400 1500 138.553441 152.953228
8201 1500 1400 1500 122.114443 144.331352
8272 1500 1400 1500 125.677455 149.089195
8334 1500 1400 1500 126.897883 155.460521
8402 1500 1400 1500 121.807567 152.693044
8466 1500 1400 1500 135.211001 153.390505
8534 1500 1400 1500 130.649913 150.017171
8604 1500 1400 1500 132.168266 155.480568
8666 1500 1400 1500 117.427623 149.636170
8734 1500 1400 1500 130.641640 152.656974
8804 1500 1400 1500 135.306702 152.421308
8866 1500 1400 1500 117.730530 145.987296
8934 1500 1400 1500 125.903042 153.292384
9001 1500 1400 1500 123.725347 149.538681
9067 1500 1400 1500 131.299395 146.339399
9133 1500 1400 1500 127.138670 151.913380
9204 1500 1400 1500 127.914753 148.148174
9266 1500 1400 1500 121.411597 153.702288
9334 1500 1400 1500 128.216033 147.176936
9402 1500 1400 1500 125.915304 145.699946
9466 1500 1400 1500 128.309102 152.593014
9536 1500 1400 1500 125.689970 155.394043
9602 1500 1400 1500 124.625050 149.422054
9667 1500 1400 1500 131.581923 153.089005
9734 1500 1400 1500 121.460977 148.355643
9802 1500 1400 1500 128.434098 153.718005
