1724,1616,1400
1722,1618,1400
1720,1620,1500
1718,1623,1500
1716,1625,1500
1714,1627,1500
1712,1629,1500
1710,1632,1500
1708,1634,1500
1706,1636,1500
1705,1638,1500
1703,1640,1500
1701,1642,1500
1699,1645,1500
1698,1647,1500
1696,1649,1500
1694,1651,1500
1693,1653,1500
1691,1655,1500
1689,1657,1500
1688,1660,1500
1686,1662,1500
1685,1664,1500
1683,1666,1500
1682,1668,1500
1682,1671,1500
1685,1673,1500
1682,1671,1500
1679,1672,1500
1677,1674,1500
1676,1676,1500
1674,1678,1500
1673,1680,1500
1671,1682,1500
1670,1684,1500
1669,1686,1500
1665,1687,1500
1664,1689,1500
1662,1691,1500
1661,1693,1500
1660,1695,1500
1658,1697,1500
1657,1699,1500
1656,1701,1500
1655,1703,1500
1653,1705,1500
1652,1707,1500
1651,1709,1500
1650,1711,1500
1646,1711,1500
1645,1713,1500
1646,1716,1500
1645,1718,1500
1644,1715,1500
1645,1713,1500
1646,1711,1500
1650,1711,1500
1651,1709,1500
1652,1707,1500
1653,1705,1500
1655,1703,1500
1656,1701,1500
1657,1699,1500
1658,1697,1500
1660,1695,1500
1661,1693,1500
1662,1691,1500
1664,1689,1500
1665,1687,1500
1669,1686,1500
1670,1684,1500
1671,1682,1500
1673,1680,1500
1674,1678,1500
1676,1676,1500
1677,1674,1500
1679,1672,1500
1680,1670,1500
1682,1668,1500
1683,1666,1500
1685,1664,1500
1686,1662,1500
1688,1660,1500
1689,1657,1500
1691,1655,1500
1693,1653,1500
1694,1651,1500
1696,1649,1500
1698,1647,1500
1699,1645,1500
1701,1642,1500
1703,1640,1500
1705,1638,1500
1706,1636,1500
1708,1634,1500
1710,1632,1500
1712,1629,1500
1714,1627,1500
1716,1625,1500
1718,1623,1500
1720,1620,1500
1722,1618,1500
1724,1616,1400
1714,1611,1400
1712,1613,1400
1710,1616,1500
1708,1618,1500
1706,1620,1500
1704,1622,1500
1703,1624,1500
1701,1627,1500
1699,1629,1500
1697,1631,1500
1695,1633,1500
1696,1637,1500
1694,1639,1500
1692,1641,1500
1691,1643,1500
1689,1645,1500
1687,1647,1500
1686,1649,1500
1684,1651,1500
1680,1652,1500
1679,1654,1500
1677,1656,1500
1675,1659,1500
1674,1661,1500
1675,1664,1500
1673,1666,1500
1672,1668,1500
1670,1670,1500
1666,1671,1500
1665,1673,1500
1664,1675,1500
1662,1677,1500
1661,1679,1500
1659,1681,1500
1658,1683,1500
1657,1685,1500
1655,1687,1500
1654,1689,1500
1650,1689,1500
1649,1691,1500
1648,1693,1500
1647,1695,1500
1645,1697,1500
1644,1699,1500
1643,1701,1500
1642,1703,1500
1640,1705,1500
1639,1707,1500
1638,1709,1500
1637,1711,1500
1636,1713,1500
1637,1711,1500
1638,1709,1500
1639,1707,1500
1640,1705,1500
1642,1703,1500
1643,1701,1500
1644,1699,1500
1645,1697,1500
1647,1695,1500
1648,1693,1500
1649,1691,1500
1650,1689,1500
1654,1689,1500
1655,1687,1500
1657,1685,1500
1658,1683,1500
1659,1681,1500
1661,1679,1500
1662,1677,1500
1664,1675,1500
1665,1673,1500
1666,1671,1500
1668,1669,1500
1672,1668,1500
1673,1666,1500
1675,1664,1500
1674,1661,1500
1675,1659,1500
1677,1656,1500
1679,1654,1500
1680,1652,1500
1684,1651,1500
1686,1649,1500
1687,1647,1500
1689,1645,1500
1691,1643,1500
1692,1641,1500
1694,1639,1500
1696,1637,1500
1695,1633,1500
1697,1631,1500
1699,1629,1500
1701,1627,1500
1703,1624,1500
1704,1622,1500
1706,1620,1500
1708,1618,1500
1710,1616,1500
1712,1613,1500
1714,1611,1400
1597,1538,1400
1597,1542,1400
1597,1546,1500
1595,1548,1500
1596,1551,1500
1596,1555,1500
1594,1557,1500
1594,1560,1500
1593,1562,1500
1591,1564,1500
1589,1566,1500
1585,1567,1500
1584,1569,1500
1580,1569,1500
1578,1571,1500
1576,1569,1500
1572,1570,1500
1569,1570,1500
1565,1570,1500
1563,1572,1500
1563,1569,1500
1561,1567,1500
1557,1567,1500
1555,1566,1500
1551,1566,1500
1550,1568,1500
1548,1566,1500
1551,1566,1500
1553,1564,1500
1555,1566,1500
1559,1566,1500
1561,1567,1500
1563,1569,1500
1567,1568,1500
1570,1568,1500
1574,1568,1500
1576,1569,1500
1580,1569,1500
1582,1567,1500
1585,1567,1500
1587,1565,1500
1591,1564,1500
1593,1562,1500
1594,1560,1500
1594,1557,1500
1596,1555,1500
1596,1551,1500
1595,1548,1500
1595,1544,1500
1595,1540,1500
1595,1537,1500
1593,1535,1500
1591,1534,1500
1588,1532,1500
1591,1534,1500
1593,1535,1500
1595,1537,1500
1597,1538,1400
1396,1382,1400
1395,1385,1400
1395,1389,1500
1393,1391,1500
1393,1394,1500
1391,1396,1500
1389,1397,1500
1385,1397,1500
1382,1397,1500
1378,1396,1500
1375,1396,1500
1371,1395,1500
1369,1397,1500
1366,1397,1500
1362,1396,1500
1359,1396,1500
1357,1397,1500
1353,1397,1500
1351,1398,1500
1349,1399,1500
1348,1401,1500
1344,1400,1500
1342,1402,1500
1340,1403,1500
1339,1405,1500
1337,1406,1500
1335,1407,1500
1332,1407,1500
1330,1408,1500
1326,1407,1500
1324,1409,1500
1323,1410,1500
1321,1411,1500
1317,1411,1500
1316,1412,1500
1314,1413,1500
1312,1414,1500
1309,1414,1500
1305,1413,1500
1303,1411,1500
1302,1409,1500
1302,1405,1500
1300,1403,1500
1298,1401,1500
1297,1399,1500
1293,1398,1500
1291,1396,1500
1290,1394,1500
1288,1392,1500
1284,1391,1500
1281,1390,1500
1279,1391,1500
1279,1388,1500
1278,1386,1500
1276,1384,1500
1278,1386,1500
1279,1388,1500
1283,1389,1500
1284,1391,1500
1288,1392,1500
1290,1394,1500
1291,1396,1500
1295,1397,1500
1297,1399,1500
1298,1401,1500
1300,1403,1500
1302,1405,1500
1302,1409,1500
1303,1411,1500
1307,1411,1500
1310,1412,1500
1314,1413,1500
1316,1412,1500
1317,1411,1500
1321,1411,1500
1323,1410,1500
1324,1409,1500
1326,1407,1500
1330,1408,1500
1332,1407,1500
1333,1405,1500
1337,1406,1500
1339,1405,1500
1340,1403,1500
1342,1402,1500
1344,1400,1500
1348,1401,1500
1349,1399,1500
1351,1398,1500
1353,1397,1500
1357,1397,1500
1359,1396,1500
1362,1396,1500
1364,1395,1500
1368,1395,1500
1371,1395,1500
1373,1394,1500
1377,1394,1500
1380,1395,1500
1384,1395,1500
1385,1397,1500
1389,1397,1500
1391,1396,1500
1393,1394,1500
1393,1391,1500
1393,1387,1500
1394,1383,1500
1394,1380,1500
1392,1378,1500
1391,1376,1500
1387,1375,1500
1384,1375,1500
1380,1375,1500
1376,1374,1500
1375,1372,1500
1373,1370,1500
1371,1368,1500
1368,1368,1500
1366,1366,1500
1363,1365,1500
1361,1363,1500
1360,1361,1500
1358,1359,1500
1356,1357,1500
1357,1354,1500
1355,1352,1500
1352,1351,1500
1350,1353,1500
1346,1352,1500
1344,1350,1500
1341,1350,1500
1339,1348,1500
1338,1346,1500
1336,1343,1500
1335,1341,1500
1336,1343,1500
1338,1346,1500
1339,1348,1500
1343,1348,1500
1344,1350,1500
1348,1351,1500
1352,1351,1500
1354,1350,1500
1355,1352,1500
1357,1354,1500
1358,1356,1500
1358,1359,1500
1360,1361,1500
1361,1363,1500
1365,1364,1500
1366,1366,1500
1370,1366,1500
1371,1368,1500
1373,1370,1500
1375,1372,1500
1378,1373,1500
1382,1373,1500
1386,1373,1500
1389,1374,1500
1391,1376,1500
1392,1378,1500
1394,1380,1500
1396,1382,1400
1415,1434,1400
1415,1437,1400
1414,1441,1500
1413,1442,1500
1411,1444,1500
1409,1446,1500
1406,1445,1500
1402,1445,1500
1400,1446,1500
1397,1446,1500
1393,1446,1500
1391,1447,1500
1388,1447,1500
1384,1446,1500
1383,1448,1500
1379,1447,1500
1376,1447,1500
1372,1446,1500
1370,1448,1500
1367,1447,1500
1363,1446,1500
1360,1446,1500
1356,1445,1500
1353,1445,1500
1351,1446,1500
1349,1447,1500
1346,1447,1500
1344,1448,1500
1346,1447,1500
1348,1445,1500
1351,1446,1500
1353,1445,1500
1356,1445,1500
1360,1446,1500
1363,1446,1500
1367,1447,1500
1369,1446,1500
1372,1446,1500
1376,1447,1500
1377,1445,1500
1381,1446,1500
1384,1446,1500
1386,1445,1500
1390,1445,1500
1393,1446,1500
1395,1444,1500
1398,1444,1500
1402,1445,1500
1404,1443,1500
1407,1444,1500
1411,1444,1500
1413,1442,1500
1413,1439,1500
1413,1435,1500
1413,1432,1500
1411,1430,1500
1409,1428,1500
1406,1428,1500
1402,1427,1500
1400,1425,1500
1397,1425,1500
1395,1423,1500
1393,1421,1500
1392,1419,1500
1390,1417,1500
1386,1417,1500
1385,1415,1500
1383,1413,1500
1381,1411,1500
1378,1411,1500
1376,1409,1500
1374,1407,1500
1372,1405,1500
1369,1404,1500
1365,1404,1500
1363,1405,1500
1360,1405,1500
1358,1406,1500
1356,1408,1500
1353,1407,1500
1351,1408,1500
1349,1410,1500
1351,1408,1500
1353,1407,1500
1356,1408,1500
1358,1406,1500
1360,1405,1500
1363,1405,1500
1365,1404,1500
1369,1404,1500
1371,1403,1500
1372,1405,1500
1374,1407,1500
1376,1409,1500
1378,1411,1500
1381,1411,1500
1383,1413,1500
1385,1415,1500
1388,1415,1500
1390,1417,1500
1392,1419,1500
1393,1421,1500
1395,1423,1500
1399,1423,1500
1400,1425,1500
1404,1426,1500
1406,1428,1500
1409,1428,1500
1411,1430,1500
1413,1432,1500
1415,1434,1400
1367,1379,1400
1363,1378,1400
1361,1380,1500
1358,1379,1500
1356,1381,1500
1352,1380,1500
1350,1382,1500
1347,1381,1500
1345,1383,1500
1341,1382,1500
1338,1382,1500
1336,1383,1500
1334,1385,1500
1332,1386,1500
1330,1387,1500
1327,1387,1500
1325,1388,1500
1322,1387,1500
1318,1387,1500
1316,1388,1500
1313,1387,1500
1311,1389,1500
1309,1390,1500
1306,1389,1500
1304,1391,1500
1300,1390,1500
1299,1391,1500
1300,1390,1500
1304,1391,1500
1306,1389,1500
1307,1388,1500
1311,1389,1500
1313,1387,1500
1316,1388,1500
1318,1387,1500
1322,1387,1500
1323,1386,1500
1327,1387,1500
1329,1385,1500
1332,1386,1500
1334,1385,1500
1334,1381,1500
1335,1378,1500
1333,1376,1500
1330,1375,1500
1328,1373,1500
1326,1371,1500
1325,1369,1500
1323,1367,1500
1323,1363,1500
1322,1361,1500
1324,1360,1500
1324,1356,1500
1324,1353,1500
1326,1351,1500
1326,1355,1500
1324,1356,1500
1324,1360,1500
1323,1363,1500
1325,1365,1500
1325,1369,1500
1326,1371,1500
1328,1373,1500
1330,1375,1500
1333,1376,1500
1335,1378,1500
1334,1381,1500
1338,1382,1500
1341,1382,1500
1343,1381,1500
1347,1381,1500
1349,1380,1500
1352,1380,1500
1354,1379,1500
1358,1379,1500
1360,1378,1500
1363,1378,1500
1365,1377,1500
1367,1379,1400
1543,1560,1400
1542,1561,1400
1540,1563,1500
1538,1565,1500
1537,1567,1500
1535,1569,1500
1536,1572,1500
1536,1576,1500
1537,1579,1500
1539,1581,1500
1541,1582,1500
1543,1584,1500
1541,1582,1500
1539,1581,1500
1537,1579,1500
1536,1576,1500
1536,1572,1500
1535,1569,1500
1537,1567,1500
1538,1565,1500
1540,1563,1500
1542,1561,1500
1543,1560,1400
1560,1576,1400
1561,1579,1400
1559,1581,1500
1558,1583,1500
1554,1583,1500
1552,1585,1500
1551,1587,1500
1549,1589,1500
1548,1591,1500
1546,1592,1500
1545,1594,1500
1544,1596,1500
1542,1598,1500
1541,1599,1500
1537,1600,1500
1535,1598,1500
1533,1596,1500
1531,1595,1500
1529,1593,1500
1527,1591,1500
1524,1590,1500
1522,1588,1500
1520,1586,1500
1518,1585,1500
1516,1583,1500
1514,1581,1500
1512,1579,1500
1510,1578,1500
1508,1576,1500
1510,1578,1500
1512,1579,1500
1514,1581,1500
1516,1583,1500
1518,1585,1500
1520,1586,1500
1522,1588,1500
1524,1590,1500
1527,1591,1500
1529,1593,1500
1531,1595,1500
1533,1596,1500
1535,1598,1500
1537,1600,1500
1541,1599,1500
1542,1598,1500
1544,1596,1500
1545,1594,1500
1546,1592,1500
1548,1591,1500
1549,1589,1500
1551,1587,1500
1552,1585,1500
1554,1583,1500
1558,1583,1500
1559,1581,1500
1561,1579,1500
1560,1576,1400
1386,1427,1400
1384,1429,1400
1381,1428,1500
1377,1428,1500
1374,1428,1500
1372,1429,1500
1368,1428,1500
1365,1428,1500
1361,1427,1500
1358,1427,1500
1354,1426,1500
1351,1426,1500
1347,1425,1500
1344,1424,1500
1340,1424,1500
1338,1422,1500
1337,1420,1500
1335,1418,1500
1331,1417,1500
1328,1416,1500
1326,1417,1500
1324,1419,1500
1323,1420,1500
1321,1421,1500
1319,1423,1500
1316,1422,1500
1314,1423,1500
1311,1422,1500
1309,1424,1500
1305,1423,1500
1304,1424,1500
1304,1427,1500
1304,1431,1500
1302,1432,1500
1300,1433,1500
1297,1432,1500
1295,1430,1500
1293,1428,1500
1292,1426,1500
1291,1422,1500
1290,1420,1500
1290,1417,1500
1288,1415,1500
1284,1414,1500
1283,1415,1500
1279,1414,1500
1277,1415,1500
1276,1413,1500
1274,1411,1500
1272,1409,1500
1270,1407,1500
1269,1405,1500
1270,1403,1500
1272,1402,1500
1272,1399,1500
1274,1398,1500
1274,1395,1500
1272,1392,1500
1270,1390,1500
1269,1388,1500
1270,1390,1500
1272,1392,1500
1274,1395,1500
1276,1397,1500
1274,1398,1500
1274,1401,1500
1272,1402,1500
1270,1403,1500
1270,1407,1500
1272,1409,1500
1274,1411,1500
1277,1412,1500
1281,1413,1500
1284,1414,1500
1288,1415,1500
1290,1417,1500
1291,1419,1500
1291,1422,1500
1292,1426,1500
1293,1428,1500
1295,1430,1500
1299,1431,1500
1302,1432,1500
1302,1428,1500
1304,1427,1500
1304,1424,1500
1305,1423,1500
1309,1424,1500
1311,1422,1500
1314,1423,1500
1316,1422,1500
1319,1423,1500
1321,1421,1500
1323,1420,1500
1324,1419,1500
1326,1417,1500
1328,1416,1500
1330,1415,1500
1333,1416,1500
1335,1418,1500
1337,1420,1500
1338,1422,1500
1342,1422,1500
1345,1423,1500
1349,1424,1500
1352,1424,1500
1356,1425,1500
1359,1425,1500
1363,1426,1500
1367,1426,1500
1370,1427,1500
1374,1428,1500
1375,1426,1500
1379,1426,1500
1382,1427,1500
1386,1427,1400
1352,1417,1400
1349,1417,1400
1347,1415,1500
1346,1413,1500
1347,1415,1500
1351,1415,1500
1352,1417,1400
1505,1571,1400
1503,1569,1400
1500,1569,1500
1498,1567,1500
1496,1566,1500
1494,1564,1500
1491,1562,1500
1489,1560,1500
1487,1559,1500
1485,1557,1500
1483,1555,1500
1481,1553,1500
1479,1551,1500
1477,1550,1500
1475,1548,1500
1472,1548,1500
1470,1546,1500
1468,1544,1500
1466,1542,1500
1464,1541,1500
1462,1539,1500
1460,1537,1500
1458,1535,1500
1456,1533,1500
1454,1531,1500
1452,1530,1500
1450,1528,1500
1448,1526,1500
1446,1524,1500
1444,1522,1500
1446,1524,1500
1448,1526,1500
1450,1528,1500
1452,1530,1500
1454,1531,1500
1456,1533,1500
1458,1535,1500
1460,1537,1500
1462,1539,1500
1464,1541,1500
1466,1542,1500
1468,1544,1500
1470,1546,1500
1473,1546,1500
1475,1548,1500
1477,1550,1500
1479,1551,1500
1481,1553,1500
1483,1555,1500
1485,1557,1500
1487,1559,1500
1489,1560,1500
1491,1562,1500
1494,1564,1500
1496,1566,1500
1498,1567,1500
1500,1569,1500
1503,1569,1500
1505,1571,1400
1433,1506,1400
1434,1510,1400
1436,1511,1500
1438,1513,1500
1440,1515,1500
1442,1517,1500
1440,1515,1500
1438,1513,1500
1436,1511,1500
1434,1510,1500
1432,1508,1500
1428,1507,1500
1427,1509,1500
1423,1509,1500
1420,1508,1500
1416,1508,1500
1414,1506,1500
1412,1504,1500
1411,1502,1500
1407,1502,1500
1405,1500,1500
1403,1498,1500
1400,1497,1500
1398,1499,1500
1397,1500,1500
1395,1502,1500
1393,1503,1500
1392,1504,1500
1390,1506,1500
1388,1504,1500
1385,1503,1500
1387,1502,1500
1388,1504,1500
1392,1504,1500
1393,1503,1500
1395,1502,1500
1397,1500,1500
1398,1499,1500
1400,1497,1500
1401,1496,1500
1401,1492,1500
1401,1496,1500
1403,1498,1500
1405,1500,1500
1407,1502,1500
1411,1502,1500
1412,1504,1500
1414,1506,1500
1418,1506,1500
1421,1507,1500
1425,1507,1500
1428,1507,1500
1430,1506,1500
1432,1504,1500
1433,1506,1400
1391,1473,1400
1391,1476,1400
1393,1478,1500
1393,1481,1500
1395,1483,1500
1393,1485,1500
1392,1486,1500
1390,1488,1500
1389,1489,1500
1385,1488,1500
1382,1488,1500
1380,1489,1500
1377,1489,1500
1373,1488,1500
1370,1487,1500
1366,1487,1500
1363,1486,1500
1361,1487,1500
1358,1487,1500
1354,1486,1500
1353,1487,1500
1349,1487,1500
1346,1486,1500
1342,1485,1500
1339,1484,1500
1335,1483,1500
1332,1483,1500
1330,1484,1500
1327,1483,1500
1323,1482,1500
1320,1481,1500
1316,1480,1500
1313,1479,1500
1311,1477,1500
1308,1476,1500
1304,1475,1500
1301,1474,1500
1297,1473,1500
1294,1472,1500
1290,1471,1500
1289,1472,1500
1287,1473,1500
1284,1472,1500
1280,1471,1500
1277,1470,1500
1273,1469,1500
1270,1467,1500
1266,1466,1500
1263,1465,1500
1259,1464,1500
1256,1463,1500
1252,1461,1500
1249,1460,1500
1247,1458,1500
1243,1457,1500
1241,1454,1500
1238,1453,1500
1236,1451,1500
1232,1449,1500
1229,1448,1500
1225,1447,1500
1222,1445,1500
1218,1444,1500
1216,1442,1500
1213,1440,1500
1209,1439,1500
1206,1437,1500
1204,1438,1500
1204,1441,1500
1205,1444,1500
1204,1441,1500
1204,1438,1500
1202,1436,1500
1198,1434,1500
1196,1432,1500
1194,1430,1500
1196,1432,1500
1198,1434,1500
1202,1436,1500
1206,1437,1500
1207,1437,1500
1211,1438,1500
1214,1439,1500
1216,1442,1500
1220,1443,1500
1222,1445,1500
1225,1447,1500
1229,1448,1500
1232,1449,1500
1236,1451,1500
1239,1452,1500
1241,1454,1500
1245,1456,1500
1247,1458,1500
1250,1459,1500
1254,1460,1500
1257,1462,1500
1261,1463,1500
1264,1464,1500
1268,1465,1500
1271,1466,1500
1275,1468,1500
1278,1469,1500
1282,1470,1500
1285,1471,1500
1289,1472,1500
1290,1471,1500
1292,1470,1500
1295,1471,1500
1299,1472,1500
1302,1473,1500
1306,1474,1500
1308,1476,1500
1311,1477,1500
1313,1479,1500
1316,1480,1500
1318,1479,1500
1321,1480,1500
1325,1481,1500
1328,1482,1500
1332,1483,1500
1335,1483,1500
1337,1482,1500
1340,1483,1500
1344,1484,1500
1347,1484,1500
1351,1485,1500
1354,1486,1500
1356,1485,1500
1359,1485,1500
1363,1486,1500
1366,1487,1500
1370,1487,1500
1371,1486,1500
1375,1487,1500
1378,1487,1500
1382,1488,1500
1383,1486,1500
1387,1487,1500
1390,1488,1500
1392,1486,1500
1393,1485,1500
1393,1481,1500
1393,1478,1500
1391,1476,1500
1391,1473,1500
1389,1471,1500
1387,1469,1500
1385,1467,1500
1383,1465,1500
1381,1463,1500
1378,1462,1500
1376,1460,1500
1374,1458,1500
1372,1456,1500
1369,1456,1500
1367,1454,1500
1369,1452,1500
1369,1456,1500
1372,1456,1500
1374,1458,1500
1376,1460,1500
1378,1462,1500
1381,1463,1500
1383,1465,1500
1385,1467,1500
1387,1469,1500
1389,1471,1500
1391,1473,1400
1379,1472,1400
1377,1474,1400
1373,1473,1500
1370,1473,1500
1366,1472,1500
1365,1470,1500
1361,1469,1500
1358,1469,1500
1354,1468,1500
1351,1467,1500
1349,1465,1500
1345,1465,1500
1342,1464,1500
1338,1463,1500
1335,1462,1500
1331,1462,1500
1330,1463,1500
1328,1461,1500
1324,1460,1500
1321,1459,1500
1317,1458,1500
1314,1457,1500
1311,1456,1500
1309,1454,1500
1305,1453,1500
1302,1452,1500
1302,1456,1500
1302,1459,1500
1303,1462,1500
1305,1464,1500
1305,1468,1500
1303,1465,1500
1303,1462,1500
1301,1460,1500
1300,1457,1500
1302,1456,1500
1302,1452,1500
1303,1451,1500
1305,1453,1500
1309,1454,1500
1312,1455,1500
1316,1456,1500
1319,1457,1500
1323,1458,1500
1324,1460,1500
1328,1461,1500
1331,1462,1500
1333,1460,1500
1336,1461,1500
1340,1462,1500
1343,1463,1500
1347,1463,1500
1349,1465,1500
1352,1466,1500
1356,1467,1500
1359,1467,1500
1361,1469,1500
1365,1470,1500
1368,1471,1500
1372,1471,1500
1375,1472,1500
1379,1472,1400
1337,1426,1400
1333,1426,1400
1331,1427,1500
1328,1426,1500
1330,1425,1500
1333,1426,1500
1337,1426,1400
1345,1458,1400
1343,1456,1400
1341,1454,1500
1339,1452,1500
1336,1451,1500
1332,1450,1500
1329,1450,1500
1327,1451,1500
1324,1450,1500
1320,1449,1500
1317,1448,1500
1315,1450,1500
1313,1447,1500
1311,1445,1500
1308,1445,1500
1306,1442,1500
1303,1442,1500
1299,1441,1500
1298,1442,1500
1296,1443,1500
1296,1446,1500
1294,1447,1500
1293,1448,1500
1293,1452,1500
1292,1453,1500
1292,1456,1500
1292,1459,1500
1294,1461,1500
1293,1462,1500
1291,1464,1500
1293,1462,1500
1292,1459,1500
1292,1456,1500
1290,1454,1500
1286,1453,1500
1285,1454,1500
1281,1453,1500
1278,1452,1500
1276,1453,1500
1275,1454,1500
1271,1453,1500
1270,1454,1500
1266,1453,1500
1265,1454,1500
1261,1452,1500
1258,1451,1500
1254,1450,1500
1252,1448,1500
1249,1447,1500
1247,1444,1500
1243,1443,1500
1247,1444,1500
1249,1447,1500
1252,1448,1500
1256,1449,1500
1259,1450,1500
1263,1451,1500
1266,1453,1500
1268,1452,1500
1271,1453,1500
1273,1452,1500
1276,1453,1500
1278,1452,1500
1281,1453,1500
1283,1452,1500
1286,1453,1500
1290,1454,1500
1292,1453,1500
1291,1450,1500
1293,1448,1500
1294,1447,1500
1294,1444,1500
1296,1443,1500
1298,1442,1500
1299,1441,1500
1301,1439,1500
1304,1440,1500
1306,1442,1500
1308,1445,1500
1311,1445,1500
1313,1447,1500
1317,1448,1500
1320,1449,1500
1322,1448,1500
1325,1449,1500
1329,1450,1500
1332,1450,1500
1334,1449,1500
1337,1450,1500
1339,1452,1500
1341,1454,1500
1343,1456,1500
1345,1458,1400
1564,1658,1400
1565,1662,1400
1567,1663,1500
1568,1667,1500
1570,1668,1500
1571,1672,1500
1572,1675,1500
1575,1677,1500
1577,1678,1500
1579,1680,1500
1580,1683,1500
1582,1685,1500
1585,1687,1500
1587,1688,1500
1589,1690,1500
1591,1691,1500
1594,1693,1500
1596,1694,1500
1598,1696,1500
1600,1697,1500
1603,1699,1500
1605,1700,1500
1607,1702,1500
1609,1704,1500
1612,1705,1500
1614,1707,1500
1616,1708,1500
1619,1710,1500
1621,1711,1500
1623,1712,1500
1625,1714,1500
1628,1715,1500
1630,1717,1500
1632,1718,1500
1635,1720,1500
1632,1718,1500
1630,1717,1500
1628,1715,1500
1625,1714,1500
1623,1712,1500
1621,1711,1500
1619,1710,1500
1616,1708,1500
1614,1707,1500
1612,1705,1500
1609,1704,1500
1607,1702,1500
1605,1700,1500
1603,1699,1500
1600,1697,1500
1598,1696,1500
1596,1694,1500
1594,1693,1500
1591,1691,1500
1589,1690,1500
1587,1688,1500
1585,1687,1500
1582,1685,1500
1580,1683,1500
1579,1680,1500
1577,1678,1500
1575,1677,1500
1572,1675,1500
1570,1674,1500
1569,1670,1500
1568,1667,1500
1567,1663,1500
1565,1662,1500
1564,1658,1500
1562,1657,1500
1558,1657,1500
1556,1655,1500
1553,1655,1500
1549,1656,1500
1547,1654,1500
1544,1654,1500
1541,1652,1500
1539,1651,1500
1537,1649,1500
1535,1647,1500
1533,1645,1500
1531,1644,1500
1528,1642,1500
1527,1639,1500
1525,1637,1500
1523,1635,1500
1521,1634,1500
1519,1632,1500
1517,1630,1500
1514,1628,1500
1512,1627,1500
1510,1625,1500
1508,1623,1500
1506,1621,1500
1504,1620,1500
1502,1618,1500
1499,1616,1500
1497,1614,1500
1495,1613,1500
1493,1611,1500
1491,1609,1500
1489,1607,1500
1487,1606,1500
1485,1604,1500
1482,1602,1500
1480,1600,1500
1478,1598,1500
1476,1597,1500
1474,1595,1500
1473,1591,1500
1471,1590,1500
1469,1588,1500
1467,1586,1500
1465,1584,1500
1463,1582,1500
1461,1580,1500
1459,1579,1500
1457,1577,1500
1454,1575,1500
1452,1573,1500
1450,1571,1500
1448,1569,1500
1446,1567,1500
1444,1566,1500
1442,1564,1500
1440,1562,1500
1438,1560,1500
1436,1558,1500
1434,1556,1500
1432,1554,1500
1430,1552,1500
1428,1550,1500
1426,1549,1500
1424,1547,1500
1422,1545,1500
1420,1543,1500
1418,1541,1500
1417,1538,1500
1415,1536,1500
1413,1534,1500
1411,1532,1500
1409,1530,1500
1407,1528,1500
1405,1526,1500
1403,1524,1500
1401,1522,1500
1399,1520,1500
1397,1518,1500
1395,1516,1500
1393,1514,1500
1391,1512,1500
1393,1514,1500
1395,1516,1500
1397,1518,1500
1399,1520,1500
1401,1522,1500
1403,1524,1500
1405,1526,1500
1407,1528,1500
1409,1530,1500
1411,1532,1500
1413,1534,1500
1415,1536,1500
1417,1538,1500
1418,1541,1500
1420,1543,1500
1422,1545,1500
1424,1547,1500
1426,1549,1500
1428,1550,1500
1430,1552,1500
1432,1554,1500
1434,1556,1500
1436,1558,1500
1438,1560,1500
1440,1562,1500
1442,1564,1500
1444,1566,1500
1446,1567,1500
1448,1569,1500
1450,1571,1500
1452,1573,1500
1454,1575,1500
1457,1577,1500
1459,1579,1500
1461,1580,1500
1463,1582,1500
1465,1584,1500
1467,1586,1500
1469,1588,1500
1471,1590,1500
1473,1591,1500
1474,1595,1500
1476,1597,1500
1478,1598,1500
1480,1600,1500
1482,1602,1500
1485,1604,1500
1487,1606,1500
1489,1607,1500
1491,1609,1500
1493,1611,1500
1495,1613,1500
1497,1614,1500
1499,1616,1500
1502,1618,1500
1504,1620,1500
1506,1621,1500
1508,1623,1500
1510,1625,1500
1512,1627,1500
1514,1628,1500
1517,1630,1500
1519,1632,1500
1521,1634,1500
1523,1635,1500
1525,1637,1500
1527,1639,1500
1528,1642,1500
1531,1644,1500
1533,1645,1500
1535,1647,1500
1537,1649,1500
1539,1651,1500
1541,1652,1500
1544,1654,1500
1547,1654,1500
1550,1654,1500
1554,1654,1500
1556,1655,1500
1559,1655,1500
1562,1657,1500
1564,1658,1400
1378,1502,1400
1378,1505,1400
1380,1507,1500
1382,1509,1500
1383,1513,1500
1385,1515,1500
1387,1517,1500
1389,1519,1500
1389,1522,1500
1391,1524,1500
1392,1527,1500
1394,1529,1500
1397,1530,1500
1399,1532,1500
1401,1534,1500
1403,1536,1500
1401,1534,1500
1399,1532,1500
1397,1530,1500
1394,1529,1500
1390,1529,1500
1390,1525,1500
1389,1522,1500
1387,1520,1500
1387,1517,1500
1385,1515,1500
1383,1513,1500
1382,1509,1500
1380,1507,1500
1378,1505,1500
1378,1502,1500
1375,1501,1500
1373,1499,1500
1371,1497,1500
1369,1495,1500
1371,1497,1500
1373,1499,1500
1376,1500,1500
1378,1502,1400
1675,1747,1400
1673,1745,1400
1671,1744,1500
1668,1743,1500
1666,1741,1500
1664,1740,1500
1661,1739,1500
1659,1737,1500
1657,1736,1500
1654,1735,1500
1652,1733,1500
1650,1732,1500
1647,1730,1500
1645,1729,1500
1643,1727,1500
1640,1726,1500
1638,1725,1500
1640,1726,1500
1643,1727,1500
1645,1729,1500
1647,1730,1500
1650,1732,1500
1652,1733,1500
1654,1735,1500
1657,1736,1500
1659,1737,1500
1661,1739,1500
1664,1740,1500
1666,1741,1500
1668,1743,1500
1671,1744,1500
1673,1745,1500
1675,1747,1400
1358,1493,1400
1359,1497,1400
1361,1499,1500
1361,1502,1500
1363,1504,1500
1365,1506,1500
1367,1508,1500
1369,1510,1500
1370,1513,1500
1372,1515,1500
1374,1517,1500
1376,1519,1500
1378,1521,1500
1380,1523,1500
1382,1525,1500
1384,1527,1500
1386,1529,1500
1388,1531,1500
1390,1533,1500
1392,1535,1500
1390,1533,1500
1388,1531,1500
1386,1529,1500
1384,1527,1500
1382,1525,1500
1380,1523,1500
1378,1521,1500
1376,1519,1500
1374,1517,1500
1372,1515,1500
1370,1513,1500
1369,1510,1500
1367,1508,1500
1365,1506,1500
1363,1504,1500
1361,1502,1500
1359,1500,1500
1359,1497,1500
1357,1495,1500
1358,1493,1400
1498,1631,1400
1499,1634,1400
1502,1636,1500
1504,1638,1500
1506,1640,1500
1508,1642,1500
1510,1643,1500
1512,1645,1500
1515,1647,1500
1517,1649,1500
1519,1650,1500
1521,1652,1500
1523,1654,1500
1526,1655,1500
1528,1657,1500
1530,1659,1500
1531,1662,1500
1530,1664,1500
1527,1664,1500
1525,1666,1500
1524,1667,1500
1521,1667,1500
1520,1669,1500
1517,1669,1500
1516,1670,1500
1515,1672,1500
1513,1673,1500
1511,1672,1500
1509,1670,1500
1507,1668,1500
1505,1666,1500
1503,1663,1500
1501,1661,1500
1499,1659,1500
1497,1657,1500
1496,1654,1500
1497,1652,1500
1496,1649,1500
1495,1646,1500
1492,1644,1500
1495,1646,1500
1496,1649,1500
1498,1651,1500
1497,1652,1500
1498,1656,1500
1499,1659,1500
1501,1661,1500
1503,1663,1500
1506,1665,1500
1507,1668,1500
1509,1670,1500
1511,1672,1500
1515,1672,1500
1516,1670,1500
1517,1669,1500
1520,1669,1500
1521,1667,1500
1522,1665,1500
1525,1666,1500
1527,1664,1500
1530,1664,1500
1529,1661,1500
1528,1657,1500
1526,1655,1500
1523,1654,1500
1521,1652,1500
1519,1650,1500
1517,1649,1500
1515,1647,1500
1512,1645,1500
1510,1643,1500
1508,1642,1500
1506,1640,1500
1504,1638,1500
1502,1636,1500
1499,1634,1500
1498,1631,1500
1496,1629,1500
1494,1628,1500
1491,1627,1500
1489,1626,1500
1486,1624,1500
1486,1620,1500
1483,1619,1500
1480,1618,1500
1479,1620,1500
1478,1621,1500
1479,1625,1500
1479,1628,1500
1480,1631,1500
1483,1633,1500
1484,1637,1500
1485,1640,1500
1487,1642,1500
1485,1640,1500
1484,1637,1500
1481,1635,1500
1480,1631,1500
1478,1630,1500
1477,1626,1500
1476,1623,1500
1478,1621,1500
1479,1620,1500
1480,1618,1500
1481,1617,1500
1483,1619,1500
1486,1620,1500
1486,1624,1500
1489,1626,1500
1491,1627,1500
1494,1628,1500
1496,1629,1500
1498,1631,1400
1601,1713,1400
1602,1716,1400
1604,1718,1500
1605,1721,1500
1604,1723,1500
1603,1725,1500
1602,1727,1500
1601,1729,1500
1600,1730,1500
1599,1732,1500
1598,1734,1500
1597,1736,1500
1596,1738,1500
1593,1738,1500
1590,1738,1500
1589,1735,1500
1586,1733,1500
1587,1731,1500
1586,1728,1500
1585,1724,1500
1583,1721,1500
1582,1718,1500
1583,1716,1500
1582,1712,1500
1580,1709,1500
1579,1706,1500
1578,1702,1500
1579,1701,1500
1582,1700,1500
1585,1702,1500
1587,1704,1500
1589,1705,1500
1591,1707,1500
1594,1708,1500
1596,1710,1500
1598,1711,1500
1601,1713,1400
1361,1510,1400
1361,1513,1400
1363,1515,1500
1361,1513,1500
1361,1510,1500
1359,1508,1500
1357,1506,1500
1355,1504,1500
1353,1502,1500
1351,1500,1500
1349,1498,1500
1347,1496,1500
1343,1495,1500
1342,1493,1500
1338,1492,1500
1335,1491,1500
1338,1492,1500
1342,1493,1500
1345,1494,1500
1347,1496,1500
1349,1498,1500
1351,1500,1500
1353,1502,1500
1355,1504,1500
1357,1506,1500
1359,1508,1500
1361,1510,1400
1660,1753,1400
1661,1756,1400
1663,1758,1500
1666,1759,1500
1668,1761,1500
1666,1759,1500
1663,1758,1500
1661,1756,1500
1660,1753,1500
1657,1752,1500
1655,1750,1500
1653,1749,1500
1650,1747,1500
1648,1746,1500
1646,1745,1500
1643,1743,1500
1641,1742,1500
1639,1740,1500
1636,1739,1500
1634,1737,1500
1632,1736,1500
1629,1734,1500
1627,1733,1500
1625,1732,1500
1622,1730,1500
1619,1730,1500
1618,1732,1500
1617,1734,1500
1616,1736,1500
1615,1738,1500
1612,1738,1500
1611,1740,1500
1610,1742,1500
1609,1744,1500
1608,1745,1500
1607,1747,1500
1606,1749,1500
1605,1751,1500
1604,1753,1500
1603,1754,1500
1602,1756,1500
1602,1758,1500
1601,1760,1500
1600,1762,1500
1599,1763,1500
1601,1767,1500
1602,1770,1500
1604,1774,1500
1605,1777,1500
1607,1780,1500
1608,1784,1500
1610,1787,1500
1612,1791,1500
1613,1794,1500
1615,1798,1500
1616,1801,1500
1616,1803,1500
1617,1806,1500
1619,1810,1500
1619,1811,1500
1620,1815,1500
1620,1817,1500
1621,1820,1500
1621,1822,1500
1620,1824,1500
1620,1826,1500
1621,1829,1500
1621,1831,1500
1620,1833,1500
1620,1835,1500
1619,1836,1500
1619,1838,1500
1618,1840,1500
1617,1842,1500
1617,1844,1500
1616,1846,1500
1618,1849,1500
1618,1851,1500
1617,1853,1500
1617,1855,1500
1617,1857,1500
1616,1858,1500
1616,1860,1500
1618,1864,1500
1620,1867,1500
1622,1871,1500
1624,1873,1500
1627,1874,1500
1624,1873,1500
1622,1871,1500
1619,1869,1500
1617,1866,1500
1615,1862,1500
1616,1860,1500
1616,1858,1500
1617,1857,1500
1617,1855,1500
1617,1853,1500
1618,1851,1500
1618,1849,1500
1616,1846,1500
1617,1844,1500
1617,1842,1500
1618,1840,1500
1619,1838,1500
1619,1836,1500
1620,1835,1500
1620,1833,1500
1621,1831,1500
1621,1829,1500
1620,1826,1500
1620,1824,1500
1621,1822,1500
1621,1820,1500
1620,1817,1500
1620,1815,1500
1619,1811,1500
1617,1808,1500
1617,1806,1500
1616,1803,1500
1614,1799,1500
1612,1796,1500
1611,1792,1500
1609,1789,1500
1608,1786,1500
1606,1782,1500
1604,1779,1500
1603,1775,1500
1601,1772,1500
1600,1769,1500
1598,1765,1500
1599,1763,1500
1600,1762,1500
1601,1760,1500
1602,1758,1500
1602,1756,1500
1603,1754,1500
1604,1753,1500
1605,1751,1500
1606,1749,1500
1607,1747,1500
1608,1745,1500
1609,1744,1500
1610,1742,1500
1611,1740,1500
1612,1738,1500
1615,1738,1500
1616,1736,1500
1617,1734,1500
1618,1732,1500
1619,1730,1500
1620,1729,1500
1622,1730,1500
1625,1732,1500
1627,1733,1500
1629,1734,1500
1632,1736,1500
1634,1737,1500
1636,1739,1500
1639,1740,1500
1641,1742,1500
1643,1743,1500
1646,1745,1500
1648,1746,1500
1650,1747,1500
1653,1749,1500
1655,1750,1500
1657,1752,1500
1660,1753,1400
1460,1607,1400
1461,1610,1400
1462,1613,1500
1463,1617,1500
1465,1619,1500
1466,1622,1500
1468,1624,1500
1466,1622,1500
1465,1619,1500
1463,1617,1500
1462,1613,1500
1460,1611,1500
1459,1608,1500
1458,1605,1500
1456,1603,1500
1453,1602,1500
1451,1601,1500
1448,1599,1500
1446,1597,1500
1444,1595,1500
1442,1593,1500
1440,1591,1500
1438,1589,1500
1436,1587,1500
1432,1587,1500
1430,1585,1500
1428,1583,1500
1426,1581,1500
1424,1579,1500
1422,1577,1500
1420,1575,1500
1419,1572,1500
1417,1570,1500
1414,1569,1500
1410,1569,1500
1409,1570,1500
1410,1574,1500
1410,1577,1500
1410,1574,1500
1408,1572,1500
1409,1570,1500
1410,1569,1500
1409,1566,1500
1407,1564,1500
1407,1560,1500
1404,1558,1500
1402,1556,1500
1402,1553,1500
1400,1551,1500
1398,1549,1500
1396,1547,1500
1393,1545,1500
1390,1544,1500
1388,1542,1500
1391,1543,1500
1393,1545,1500
1396,1547,1500
1398,1549,1500
1400,1551,1500
1402,1553,1500
1404,1555,1500
1404,1558,1500
1407,1560,1500
1407,1564,1500
1409,1566,1500
1411,1567,1500
1415,1568,1500
1417,1570,1500
1419,1572,1500
1420,1575,1500
1422,1577,1500
1424,1579,1500
1426,1581,1500
1428,1583,1500
1430,1585,1500
1432,1587,1500
1436,1587,1500
1438,1589,1500
1440,1591,1500
1442,1593,1500
1444,1595,1500
1446,1597,1500
1448,1599,1500
1452,1599,1500
1454,1601,1500
1456,1603,1500
1458,1605,1500
1460,1607,1400
1276,1423,1400
1272,1422,1400
1271,1423,1500
1267,1422,1500
1266,1423,1500
1264,1424,1500
1260,1423,1500
1259,1424,1500
1257,1425,1500
1254,1424,1500
1252,1425,1500
1248,1424,1500
1247,1425,1500
1243,1423,1500
1241,1421,1500
1238,1420,1500
1238,1417,1500
1238,1414,1500
1236,1411,1500
1239,1413,1500
1241,1412,1500
1245,1413,1500
1246,1412,1500
1250,1413,1500
1253,1414,1500
1255,1413,1500
1258,1414,1500
1260,1413,1500
1262,1412,1500
1263,1411,1500
1267,1412,1500
1263,1411,1500
1262,1412,1500
1260,1413,1500
1258,1414,1500
1255,1413,1500
1253,1414,1500
1252,1415,1500
1248,1414,1500
1245,1413,1500
1243,1414,1500
1239,1413,1500
1238,1414,1500
1238,1417,1500
1238,1420,1500
1241,1421,1500
1245,1422,1500
1248,1424,1500
1252,1425,1500
1254,1424,1500
1255,1423,1500
1259,1424,1500
1260,1423,1500
1264,1424,1500
1266,1423,1500
1267,1422,1500
1271,1423,1500
1272,1422,1500
1274,1421,1500
1276,1423,1400
1519,1660,1400
1519,1660,1400
1495,1641,1400
1495,1641,1400
1383,1540,1400
1381,1538,1400
1377,1537,1500
1375,1535,1500
1373,1533,1500
1371,1531,1500
1369,1529,1500
1367,1527,1500
1365,1525,1500
1363,1523,1500
1361,1521,1500
1359,1519,1500
1355,1518,1500
1353,1516,1500
1351,1514,1500
1349,1512,1500
1347,1510,1500
1345,1508,1500
1343,1506,1500
1340,1505,1500
1338,1503,1500
1335,1502,1500
1333,1500,1500
1329,1499,1500
1326,1498,1500
1324,1496,1500
1322,1494,1500
1320,1492,1500
1318,1490,1500
1314,1489,1500
1311,1488,1500
1309,1486,1500
1305,1485,1500
1303,1483,1500
1301,1481,1500
1303,1479,1500
1303,1483,1500
1305,1485,1500
1309,1486,1500
1311,1488,1500
1314,1489,1500
1318,1490,1500
1319,1489,1500
1323,1490,1500
1326,1491,1500
1330,1491,1500
1326,1491,1500
1323,1490,1500
1319,1489,1500
1320,1492,1500
1322,1494,1500
1324,1496,1500
1327,1497,1500
1329,1499,1500
1333,1500,1500
1336,1501,1500
1338,1503,1500
1341,1504,1500
1343,1506,1500
1345,1508,1500
1347,1510,1500
1349,1512,1500
1351,1514,1500
1353,1516,1500
1357,1517,1500
1359,1519,1500
1361,1521,1500
1363,1523,1500
1365,1525,1500
1367,1527,1500
1369,1529,1500
1371,1531,1500
1373,1533,1500
1375,1535,1500
1378,1536,1500
1381,1538,1500
1383,1540,1400
1629,1742,1400
1628,1743,1400
1627,1745,1500
1626,1747,1500
1622,1748,1500
1621,1749,1500
1620,1751,1500
1620,1753,1500
1619,1755,1500
1618,1757,1500
1617,1759,1500
1616,1760,1500
1615,1762,1500
1614,1764,1500
1613,1766,1500
1612,1768,1500
1612,1770,1500
1608,1770,1500
1612,1770,1500
1612,1768,1500
1613,1766,1500
1614,1764,1500
1615,1762,1500
1616,1760,1500
1617,1759,1500
1618,1757,1500
1619,1755,1500
1620,1753,1500
1620,1751,1500
1621,1749,1500
1622,1748,1500
1626,1747,1500
1627,1745,1500
1628,1743,1500
1629,1742,1400
1387,1547,1400
1388,1550,1400
1390,1552,1500
1392,1554,1500
1394,1556,1500
1396,1558,1500
1397,1562,1500
1399,1564,1500
1400,1567,1500
1401,1570,1500
1402,1574,1500
1404,1576,1500
1405,1579,1500
1407,1581,1500
1409,1583,1500
1411,1585,1500
1414,1585,1500
1416,1587,1500
1420,1588,1500
1419,1585,1500
1418,1581,1500
1419,1580,1500
1420,1583,1500
1421,1587,1500
1422,1590,1500
1424,1592,1500
1427,1592,1500
1429,1591,1500
1431,1593,1500
1427,1592,1500
1424,1592,1500
1425,1595,1500
1424,1597,1500
1423,1593,1500
1422,1590,1500
1420,1588,1500
1416,1587,1500
1414,1585,1500
1411,1585,1500
1409,1583,1500
1407,1581,1500
1405,1579,1500
1402,1577,1500
1402,1574,1500
1401,1570,1500
1399,1568,1500
1398,1565,1500
1397,1562,1500
1396,1558,1500
1394,1556,1500
1392,1554,1500
1390,1552,1500
1388,1550,1500
1386,1548,1500
1387,1547,1400
1288,1445,1400
1284,1444,1400
1281,1443,1500
1279,1444,1500
1275,1443,1500
1274,1444,1500
1270,1443,1500
1269,1444,1500
1267,1445,1500
1264,1444,1500
1260,1443,1500
1259,1444,1500
1255,1443,1500
1253,1441,1500
1250,1439,1500
1246,1438,1500
1243,1437,1500
1239,1436,1500
1236,1434,1500
1232,1433,1500
1229,1432,1500
1225,1430,1500
1222,1429,1500
1218,1428,1500
1215,1426,1500
1213,1427,1500
1209,1426,1500
1207,1424,1500
1211,1425,1500
1215,1426,1500
1216,1425,1500
1220,1427,1500
1223,1428,1500
1227,1430,1500
1230,1431,1500
1234,1432,1500
1237,1433,1500
1241,1435,1500
1244,1436,1500
1248,1437,1500
1251,1438,1500
1253,1441,1500
1257,1442,1500
1260,1443,1500
1264,1444,1500
1265,1443,1500
1269,1444,1500
1270,1443,1500
1272,1442,1500
1275,1443,1500
1277,1442,1500
1281,1443,1500
1282,1442,1500
1286,1443,1500
1288,1445,1400
1529,1681,1400
1528,1682,1400
1527,1684,1500
1526,1686,1500
1525,1687,1500
1526,1691,1500
1525,1692,1500
1526,1696,1500
1528,1699,1500
1530,1701,1500
1531,1704,1500
1533,1708,1500
1532,1709,1500
1531,1711,1500
1532,1709,1500
1530,1706,1500
1529,1702,1500
1528,1699,1500
1525,1697,1500
1524,1694,1500
1525,1692,1500
1524,1689,1500
1523,1685,1500
1520,1684,1500
1523,1685,1500
1526,1686,1500
1527,1684,1500
1528,1682,1500
1527,1679,1500
1529,1681,1400
1368,1541,1400
1369,1545,1400
1371,1547,1500
1373,1549,1500
1375,1551,1500
1376,1554,1500
1378,1556,1500
1380,1558,1500
1382,1560,1500
1384,1562,1500
1385,1566,1500
1387,1568,1500
1388,1571,1500
1386,1569,1500
1385,1566,1500
1383,1564,1500
1382,1560,1500
1380,1558,1500
1378,1556,1500
1376,1554,1500
1374,1552,1500
1373,1549,1500
1371,1547,1500
1369,1545,1500
1368,1541,1500
1366,1539,1500
1364,1537,1500
1362,1535,1500
1360,1533,1500
1358,1531,1500
1356,1529,1500
1354,1527,1500
1352,1525,1500
1350,1523,1500
1348,1521,1500
1344,1520,1500
1341,1519,1500
1342,1518,1500
1346,1519,1500
1348,1521,1500
1350,1523,1500
1352,1525,1500
1354,1527,1500
1356,1529,1500
1358,1531,1500
1360,1533,1500
1362,1535,1500
1364,1537,1500
1366,1539,1500
1368,1541,1400
1465,1638,1400
1466,1641,1400
1468,1643,1500
1470,1645,1500
1472,1647,1500
1475,1649,1500
1477,1651,1500
1479,1653,1500
1481,1654,1500
1484,1656,1500
1486,1658,1500
1488,1660,1500
1489,1663,1500
1490,1667,1500
1493,1669,1500
1495,1670,1500
1496,1674,1500
1494,1672,1500
1493,1669,1500
1490,1667,1500
1489,1663,1500
1488,1660,1500
1486,1658,1500
1484,1656,1500
1481,1654,1500
1479,1653,1500
1477,1651,1500
1475,1649,1500
1472,1647,1500
1470,1645,1500
1468,1643,1500
1466,1641,1500
1464,1639,1500
1463,1636,1500
1460,1634,1500
1463,1636,1500
1465,1638,1400
1455,1632,1400
1453,1630,1400
1450,1628,1500
1448,1626,1500
1446,1624,1500
1444,1622,1500
1442,1620,1500
1440,1618,1500
1437,1616,1500
1435,1614,1500
1433,1612,1500
1431,1611,1500
1429,1609,1500
1427,1607,1500
1424,1605,1500
1422,1603,1500
1419,1602,1500
1417,1600,1500
1415,1598,1500
1412,1596,1500
1410,1594,1500
1408,1592,1500
1406,1590,1500
1404,1588,1500
1402,1586,1500
1398,1586,1500
1396,1584,1500
1394,1581,1500
1392,1579,1500
1388,1579,1500
1386,1577,1500
1384,1575,1500
1388,1575,1500
1390,1577,1500
1392,1579,1500
1394,1581,1500
1396,1584,1500
1398,1586,1500
1402,1586,1500
1404,1588,1500
1406,1590,1500
1408,1592,1500
1410,1594,1500
1412,1596,1500
1415,1598,1500
1417,1600,1500
1419,1602,1500
1422,1603,1500
1424,1605,1500
1427,1607,1500
1429,1609,1500
1431,1611,1500
1433,1612,1500
1435,1614,1500
1437,1616,1500
1440,1618,1500
1442,1620,1500
1444,1622,1500
1446,1624,1500
1448,1626,1500
1450,1628,1500
1453,1630,1500
1455,1632,1400
1349,1535,1400
1350,1539,1400
1352,1541,1500
1350,1539,1500
1348,1536,1500
1347,1533,1500
1345,1531,1500
1343,1529,1500
1341,1527,1500
1339,1525,1500
1337,1523,1500
1333,1522,1500
1331,1520,1500
1335,1521,1500
1337,1523,1500
1339,1525,1500
1341,1527,1500
1343,1529,1500
1345,1531,1500
1347,1533,1500
1349,1535,1400
1591,1748,1400
1592,1752,1400
1591,1748,1500
1589,1747,1500
1591,1748,1400
1448,1636,1400
1445,1635,1400
1443,1633,1500
1440,1631,1500
1438,1629,1500
1436,1627,1500
1434,1625,1500
1432,1623,1500
1429,1621,1500
1427,1619,1500
1425,1617,1500
1423,1615,1500
1421,1613,1500
1419,1611,1500
1416,1609,1500
1413,1609,1500
1411,1607,1500
1409,1605,1500
1406,1603,1500
1404,1601,1500
1402,1599,1500
1400,1597,1500
1398,1595,1500
1396,1593,1500
1393,1591,1500
1391,1589,1500
1389,1587,1500
1387,1585,1500
1384,1584,1500
1381,1582,1500
1379,1580,1500
1377,1578,1500
1375,1576,1500
1372,1575,1500
1369,1573,1500
1367,1571,1500
1365,1569,1500
1363,1566,1500
1361,1564,1500
1360,1561,1500
1361,1564,1500
1363,1566,1500
1365,1569,1500
1367,1571,1500
1369,1573,1500
1373,1574,1500
1375,1576,1500
1377,1578,1500
1379,1580,1500
1381,1582,1500
1385,1583,1500
1387,1585,1500
1389,1587,1500
1391,1589,1500
1393,1591,1500
1396,1593,1500
1398,1595,1500
1400,1597,1500
1402,1599,1500
1404,1601,1500
1406,1603,1500
1409,1605,1500
1411,1607,1500
1413,1609,1500
1416,1609,1500
1419,1611,1500
1421,1613,1500
1423,1615,1500
1425,1617,1500
1427,1619,1500
1429,1621,1500
1432,1623,1500
1434,1625,1500
1436,1627,1500
1438,1629,1500
1440,1631,1500
1443,1633,1500
1446,1634,1500
1448,1636,1400
1318,1511,1400
1316,1509,1400
1314,1507,1500
1312,1505,1500
1310,1503,1500
1308,1501,1500
1305,1500,1500
1303,1498,1500
1299,1497,1500
1297,1494,1500
1294,1493,1500
1292,1494,1500
1289,1493,1500
1285,1492,1500
1282,1491,1500
1278,1490,1500
1275,1489,1500
1271,1487,1500
1270,1488,1500
1268,1489,1500
1267,1490,1500
1265,1491,1500
1264,1492,1500
1263,1493,1500
1263,1496,1500
1262,1497,1500
1260,1498,1500
1259,1499,1500
1258,1500,1500
1256,1501,1500
1257,1504,1500
1256,1505,1500
1254,1505,1500
1253,1506,1500
1254,1509,1500
1252,1510,1500
1251,1511,1500
1252,1514,1500
1250,1515,1500
1249,1516,1500
1248,1517,1500
1249,1520,1500
1247,1521,1500
1246,1521,1500
1245,1522,1500
1246,1525,1500
1244,1526,1500
1243,1527,1500
1242,1528,1500
1243,1531,1500
1244,1534,1500
1245,1537,1500
1246,1540,1500
1248,1542,1500
1252,1544,1500
1255,1546,1500
1258,1548,1500
1260,1550,1500
1261,1553,1500
1262,1557,1500
1261,1557,1500
1262,1560,1500
1261,1561,1500
1259,1559,1500
1256,1556,1500
1254,1554,1500
1252,1552,1500
1251,1549,1500
1248,1546,1500
1247,1543,1500
1246,1540,1500
1244,1538,1500
1243,1535,1500
1242,1531,1500
1241,1528,1500
1242,1528,1500
1243,1527,1500
1244,1526,1500
1243,1523,1500
1245,1522,1500
1246,1521,1500
1247,1521,1500
1249,1520,1500
1248,1517,1500
1249,1516,1500
1250,1515,1500
1250,1512,1500
1251,1511,1500
1252,1510,1500
1254,1509,1500
1253,1506,1500
1254,1505,1500
1256,1505,1500
1257,1504,1500
1256,1501,1500
1258,1500,1500
1259,1499,1500
1260,1498,1500
1262,1497,1500
1263,1496,1500
1263,1493,1500
1264,1492,1500
1265,1491,1500
1267,1490,1500
1268,1489,1500
1270,1488,1500
1271,1487,1500
1273,1486,1500
1276,1488,1500
1280,1489,1500
1283,1490,1500
1287,1491,1500
1290,1492,1500
1294,1493,1500
1297,1494,1500
1301,1496,1500
1303,1498,1500
1306,1499,1500
1308,1501,1500
1310,1503,1500
1312,1505,1500
1314,1507,1500
1316,1509,1500
1318,1511,1400
1518,1698,1400
1519,1702,1400
1522,1704,1500
1523,1707,1500
1524,1710,1500
1526,1714,1500
1527,1717,1500
1526,1719,1500
1528,1722,1500
1527,1724,1500
1526,1726,1500
1525,1727,1500
1524,1729,1500
1523,1730,1500
1523,1732,1500
1522,1734,1500
1521,1735,1500
1518,1735,1500
1517,1736,1500
1516,1738,1500
1515,1740,1500
1515,1741,1500
1514,1743,1500
1513,1744,1500
1512,1746,1500
1512,1747,1500
1511,1749,1500
1508,1749,1500
1507,1750,1500
1507,1752,1500
1506,1753,1500
1505,1755,1500
1505,1756,1500
1504,1758,1500
1503,1759,1500
1503,1761,1500
1502,1762,1500
1499,1762,1500
1498,1763,1500
1498,1765,1500
1497,1766,1500
1497,1768,1500
1496,1769,1500
1495,1771,1500
1495,1772,1500
1494,1774,1500
1494,1775,1500
1493,1777,1500
1490,1776,1500
1490,1778,1500
1489,1779,1500
1489,1781,1500
1488,1782,1500
1488,1784,1500
1487,1785,1500
1487,1786,1500
1484,1786,1500
1483,1787,1500
1483,1789,1500
1482,1790,1500
1479,1789,1500
1479,1791,1500
1476,1790,1500
1476,1791,1500
1475,1793,1500
1475,1794,1500
1475,1796,1500
1474,1797,1500
1474,1798,1500
1471,1798,1500
1471,1799,1500
1468,1798,1500
1467,1799,1500
1467,1801,1500
1464,1800,1500
1461,1799,1500
1458,1798,1500
1456,1795,1500
1453,1794,1500
1450,1793,1500
1447,1792,1500
1446,1793,1500
1446,1795,1500
1443,1793,1500
1443,1795,1500
1443,1796,1500
1440,1795,1500
1437,1793,1500
1437,1795,1500
1434,1793,1500
1433,1795,1500
1430,1793,1500
1430,1794,1500
1430,1796,1500
1430,1797,1500
1430,1798,1500
1430,1799,1500
1429,1800,1500
1429,1802,1500
1429,1803,1500
1429,1804,1500
1429,1805,1500
1432,1809,1500
1434,1813,1500
1437,1816,1500
1440,1818,1500
1443,1821,1500
1445,1824,1500
1448,1827,1500
1451,1829,1500
1454,1833,1500
1454,1834,1500
1456,1838,1500
1456,1840,1500
1459,1844,1500
1462,1848,1500
1462,1849,1500
1465,1853,1500
1468,1857,1500
1471,1860,1500
1474,1863,1500
1476,1864,1500
1479,1867,1500
1482,1868,1500
1484,1869,1500
1487,1871,1500
1490,1872,1500
1492,1873,1500
1492,1872,1500
1495,1873,1500
1495,1871,1500
1498,1872,1500
1500,1873,1500
1500,1872,1500
1503,1873,1500
1503,1872,1500
1505,1872,1500
1508,1873,1500
1508,1872,1500
1511,1873,1500
1513,1874,1500
1514,1872,1500
1516,1873,1500
1519,1875,1500
1522,1876,1500
1524,1877,1500
1527,1878,1500
1530,1878,1500
1532,1881,1500
1535,1881,1500
1537,1884,1500
1540,1884,1500
1543,1885,1500
1545,1887,1500
1548,1888,1500
1551,1890,1500
1553,1890,1500
1556,1891,1500
1558,1891,1500
1561,1892,1500
1564,1892,1500
1566,1892,1500
1569,1893,1500
1572,1893,1500
1574,1893,1500
1577,1894,1500
1577,1892,1500
1580,1892,1500
1580,1890,1500
1580,1889,1500
1583,1889,1500
1586,1889,1500
1586,1887,1500
1586,1885,1500
1586,1884,1500
1587,1882,1500
1589,1882,1500
1590,1880,1500
1590,1878,1500
1590,1877,1500
1588,1873,1500
1588,1871,1500
1589,1869,1500
1586,1866,1500
1584,1862,1500
1582,1858,1500
1580,1855,1500
1578,1851,1500
1576,1848,1500
1573,1846,1500
1571,1842,1500
1569,1838,1500
1567,1835,1500
1565,1831,1500
1563,1828,1500
1561,1826,1500
1559,1822,1500
1559,1821,1500
1560,1819,1500
1560,1817,1500
1561,1815,1500
1564,1816,1500
1564,1814,1500
1565,1812,1500
1565,1811,1500
1566,1809,1500
1569,1809,1500
1569,1807,1500
1570,1806,1500
1573,1806,1500
1573,1804,1500
1574,1802,1500
1575,1800,1500
1578,1801,1500
1578,1799,1500
1579,1797,1500
1580,1795,1500
1583,1795,1500
1583,1794,1500
1584,1792,1500
1585,1790,1500
1585,1788,1500
1586,1787,1500
1589,1786,1500
1591,1788,1500
1594,1790,1500
1595,1793,1500
1598,1795,1500
1600,1798,1500
1599,1800,1500
1598,1802,1500
1598,1804,1500
1597,1806,1500
1596,1807,1500
1596,1809,1500
1595,1811,1500
1594,1813,1500
1594,1814,1500
1591,1814,1500
1590,1816,1500
1590,1818,1500
1587,1818,1500
1586,1820,1500
1586,1822,1500
1585,1823,1500
1585,1825,1500
1584,1827,1500
1581,1827,1500
1581,1828,1500
1580,1830,1500
1580,1832,1500
1582,1836,1500
1584,1839,1500
1586,1843,1500
1588,1846,1500
1590,1850,1500
1592,1853,1500
1594,1857,1500
1593,1859,1500
1595,1862,1500
1595,1864,1500
1595,1866,1500
1597,1870,1500
1597,1871,1500
1599,1875,1500
1598,1877,1500
1598,1879,1500
1598,1880,1500
1598,1882,1500
1597,1884,1500
1597,1886,1500
1597,1888,1500
1597,1889,1500
1596,1891,1500
1596,1893,1500
1596,1891,1500
1597,1889,1500
1597,1888,1500
1597,1886,1500
1597,1884,1500
1598,1882,1500
1598,1880,1500
1598,1879,1500
1598,1877,1500
1599,1875,1500
1597,1871,1500
1594,1868,1500
1592,1864,1500
1595,1864,1500
1595,1862,1500
1593,1859,1500
1591,1855,1500
1589,1852,1500
1587,1848,1500
1585,1844,1500
1583,1841,1500
1581,1837,1500
1579,1834,1500
1580,1832,1500
1580,1830,1500
1581,1828,1500
1581,1827,1500
1584,1827,1500
1585,1825,1500
1585,1823,1500
1586,1822,1500
1586,1820,1500
1587,1818,1500
1587,1816,1500
1590,1816,1500
1591,1814,1500
1594,1814,1500
1594,1813,1500
1595,1811,1500
1596,1809,1500
1596,1807,1500
1597,1806,1500
1598,1804,1500
1598,1802,1500
1596,1799,1500
1593,1799,1500
1590,1799,1500
1593,1799,1500
1596,1799,1500
1597,1797,1500
1595,1793,1500
1594,1790,1500
1591,1788,1500
1589,1786,1500
1586,1787,1500
1585,1788,1500
1585,1790,1500
1584,1792,1500
1583,1794,1500
1583,1795,1500
1580,1795,1500
1579,1797,1500
1578,1799,1500
1578,1801,1500
1575,1800,1500
1574,1802,1500
1573,1804,1500
1573,1806,1500
1570,1806,1500
1569,1807,1500
1569,1809,1500
1566,1809,1500
1565,1811,1500
1565,1812,1500
1564,1814,1500
1564,1816,1500
1563,1817,1500
1560,1817,1500
1560,1819,1500
1559,1821,1500
1561,1824,1500
1563,1828,1500
1565,1831,1500
1568,1833,1500
1570,1837,1500
1572,1840,1500
1574,1844,1500
1576,1848,1500
1578,1849,1500
1580,1853,1500
1582,1857,1500
1585,1860,1500
1587,1864,1500
1586,1866,1500
1589,1869,1500
1588,1871,1500
1588,1873,1500
1590,1877,1500
1590,1878,1500
1590,1880,1500
1589,1882,1500
1589,1884,1500
1586,1884,1500
1586,1885,1500
1586,1887,1500
1586,1889,1500
1588,1893,1500
1590,1895,1500
1593,1895,1500
1593,1897,1500
1595,1900,1500
1593,1900,1500
1592,1902,1500
1592,1904,1500
1590,1904,1500
1587,1902,1500
1590,1902,1500
1592,1902,1500
1593,1900,1500
1593,1898,1500
1590,1895,1500
1588,1893,1500
1586,1889,1500
1583,1889,1500
1583,1891,1500
1580,1890,1500
1580,1892,1500
1577,1892,1500
1577,1894,1500
1574,1893,1500
1574,1895,1500
1572,1895,1500
1569,1894,1500
1566,1894,1500
1564,1894,1500
1561,1893,1500
1558,1893,1500
1556,1892,1500
1553,1892,1500
1551,1890,1500
1548,1889,1500
1545,1887,1500
1543,1886,1500
1540,1884,1500
1537,1884,1500
1535,1883,1500
1532,1881,1500
1529,1880,1500
1527,1879,1500
1524,1878,1500
1522,1876,1500
1519,1875,1500
1516,1875,1500
1513,1874,1500
1513,1875,1500
1511,1874,1500
1508,1873,1500
1505,1872,1500
1505,1874,1500
1503,1873,1500
1503,1875,1500
1500,1873,1500
1498,1872,1500
1498,1874,1500
1495,1873,1500
1495,1874,1500
1492,1873,1500
1490,1872,1500
1490,1873,1500
1487,1872,1500
1484,1871,1500
1482,1870,1500
1479,1867,1500
1476,1864,1500
1474,1863,1500
1471,1860,1500
1468,1857,1500
1465,1853,1500
1462,1849,1500
1459,1845,1500
1459,1844,1500
1456,1840,1500
1454,1836,1500
1454,1834,1500
1451,1830,1500
1448,1827,1500
1445,1824,1500
1443,1821,1500
1440,1818,1500
1437,1816,1500
1434,1813,1500
1432,1809,1500
1429,1806,1500
1426,1804,1500
1426,1803,1500
1429,1804,1500
1429,1803,1500
1429,1802,1500
1429,1800,1500
1430,1799,1500
1430,1798,1500
1430,1797,1500
1430,1796,1500
1430,1794,1500
1430,1793,1500
1433,1795,1500
1434,1793,1500
1434,1792,1500
1437,1793,1500
1440,1795,1500
1443,1796,1500
1443,1795,1500
1443,1793,1500
1446,1795,1500
1446,1793,1500
1447,1792,1500
1450,1793,1500
1453,1794,1500
1456,1795,1500
1458,1796,1500
1461,1797,1500
1464,1798,1500
1467,1799,1500
1468,1798,1500
1471,1799,1500
1471,1798,1500
1474,1798,1500
1474,1797,1500
1475,1796,1500
1475,1794,1500
1475,1793,1500
1476,1791,1500
1476,1790,1500
1474,1786,1500
1471,1784,1500
1469,1782,1500
1466,1780,1500
1464,1777,1500
1461,1775,1500
1459,1773,1500
1456,1771,1500
1454,1768,1500
1451,1766,1500
1449,1764,1500
1446,1763,1500
1443,1760,1500
1440,1758,1500
1438,1756,1500
1435,1754,1500
1433,1751,1500
1430,1749,1500
1428,1745,1500
1426,1743,1500
1423,1741,1500
1421,1738,1500
1418,1736,1500
1416,1734,1500
1412,1733,1500
1410,1730,1500
1408,1727,1500
1405,1724,1500
1403,1722,1500
1400,1721,1500
1397,1718,1500
1395,1716,1500
1392,1714,1500
1389,1711,1500
1387,1709,1500
1384,1706,1500
1382,1704,1500
1379,1702,1500
1377,1699,1500
1374,1697,1500
1371,1694,1500
1369,1692,1500
1366,1690,1500
1365,1686,1500
1362,1684,1500
1359,1681,1500
1357,1679,1500
1354,1677,1500
1352,1674,1500
1350,1671,1500
1347,1668,1500
1345,1666,1500
1343,1663,1500
1341,1660,1500
1339,1657,1500
1336,1654,1500
1335,1651,1500
1333,1648,1500
1331,1644,1500
1332,1643,1500
1330,1640,1500
1329,1637,1500
1327,1633,1500
1328,1632,1500
1327,1629,1500
1325,1626,1500
1326,1625,1500
1327,1624,1500
1326,1621,1500
1327,1620,1500
1325,1616,1500
1324,1613,1500
1325,1612,1500
1326,1611,1500
1327,1610,1500
1328,1609,1500
1326,1606,1500
1327,1605,1500
1326,1602,1500
1324,1599,1500
1323,1596,1500
1324,1595,1500
1325,1594,1500
1326,1593,1500
1327,1592,1500
1326,1589,1500
1327,1592,1500
1326,1593,1500
1325,1594,1500
1324,1595,1500
1325,1598,1500
1326,1602,1500
1327,1605,1500
1329,1608,1500
1328,1609,1500
1327,1610,1500
1326,1611,1500
1325,1612,1500
1326,1615,1500
1328,1619,1500
1327,1620,1500
1326,1621,1500
1327,1624,1500
1326,1625,1500
1328,1628,1500
1327,1629,1500
1328,1632,1500
1330,1636,1500
1331,1639,1500
1333,1642,1500
1332,1643,1500
1334,1647,1500
1335,1650,1500
1337,1653,1500
1339,1657,1500
1341,1660,1500
1343,1663,1500
1346,1665,1500
1347,1668,1500
1350,1671,1500
1352,1674,1500
1354,1677,1500
1357,1679,1500
1359,1681,1500
1362,1684,1500
1365,1686,1500
1366,1690,1500
1369,1692,1500
1371,1694,1500
1374,1697,1500
1377,1699,1500
1379,1702,1500
1382,1704,1500
1384,1706,1500
1387,1709,1500
1389,1711,1500
1392,1714,1500
1395,1716,1500
1397,1718,1500
1400,1721,1500
1403,1722,1500
1405,1724,1500
1408,1727,1500
1410,1730,1500
1412,1733,1500
1416,1734,1500
1418,1736,1500
1421,1738,1500
1423,1741,1500
1426,1743,1500
1428,1745,1500
1430,1749,1500
1433,1751,1500
1435,1754,1500
1438,1756,1500
1440,1758,1500
1443,1760,1500
1446,1761,1500
1449,1764,1500
1451,1766,1500
1454,1768,1500
1456,1771,1500
1459,1773,1500
1461,1775,1500
1464,1777,1500
1466,1780,1500
1469,1782,1500
1471,1784,1500
1474,1786,1500
1477,1789,1500
1479,1789,1500
1480,1788,1500
1483,1789,1500
1483,1787,1500
1484,1786,1500
1487,1786,1500
1487,1785,1500
1488,1784,1500
1488,1782,1500
1489,1781,1500
1489,1779,1500
1490,1778,1500
1490,1776,1500
1493,1777,1500
1494,1775,1500
1494,1774,1500
1495,1772,1500
1495,1771,1500
1496,1769,1500
1497,1768,1500
1497,1766,1500
1498,1765,1500
1498,1763,1500
1499,1762,1500
1500,1760,1500
1503,1761,1500
1503,1759,1500
1504,1758,1500
1505,1756,1500
1505,1755,1500
1506,1753,1500
1507,1752,1500
1507,1750,1500
1508,1749,1500
1511,1749,1500
1512,1747,1500
1512,1746,1500
1513,1744,1500
1514,1743,1500
1515,1741,1500
1515,1740,1500
1516,1738,1500
1517,1736,1500
1518,1735,1500
1521,1735,1500
1522,1734,1500
1523,1732,1500
1523,1730,1500
1524,1729,1500
1525,1727,1500
1526,1726,1500
1527,1724,1500
1528,1722,1500
1526,1719,1500
1525,1716,1500
1523,1712,1500
1522,1709,1500
1521,1705,1500
1519,1702,1500
1517,1700,1500
1516,1697,1500
1518,1698,1400
1474,1665,1400
1475,1668,1400
1478,1670,1500
1480,1672,1500
1482,1674,1500
1484,1676,1500
1487,1678,1500
1489,1680,1500
1491,1681,1500
1492,1685,1500
1495,1687,1500
1497,1689,1500
1499,1690,1500
1501,1692,1500
1503,1696,1500
1504,1699,1500
1505,1702,1500
1505,1704,1500
1504,1706,1500
1505,1709,1500
1504,1711,1500
1503,1712,1500
1502,1714,1500
1502,1715,1500
1498,1715,1500
1498,1716,1500
1497,1718,1500
1496,1719,1500
1495,1721,1500
1494,1722,1500
1495,1721,1500
1494,1717,1500
1494,1716,1500
1498,1716,1500
1498,1715,1500
1502,1715,1500
1502,1714,1500
1503,1712,1500
1504,1711,1500
1503,1707,1500
1504,1706,1500
1505,1704,1500
1503,1701,1500
1502,1697,1500
1500,1694,1500
1499,1690,1500
1497,1689,1500
1495,1687,1500
1492,1685,1500
1491,1681,1500
1489,1680,1500
1487,1678,1500
1484,1676,1500
1482,1674,1500
1480,1672,1500
1478,1670,1500
1475,1668,1500
1473,1666,1500
1472,1663,1500
1470,1661,1500
1467,1659,1500
1465,1657,1500
1462,1657,1500
1460,1655,1500
1457,1653,1500
1455,1651,1500
1453,1649,1500
1451,1647,1500
1448,1645,1500
1446,1643,1500
1444,1641,1500
1441,1641,1500
1438,1639,1500
1436,1637,1500
1434,1635,1500
1432,1633,1500
1429,1631,1500
1427,1629,1500
1425,1627,1500
1423,1625,1500
1420,1624,1500
1417,1622,1500
1415,1620,1500
1413,1618,1500
1411,1616,1500
1408,1614,1500
1406,1612,1500
1403,1611,1500
1401,1609,1500
1399,1607,1500
1395,1606,1500
1392,1606,1500
1389,1605,1500
1386,1603,1500
1383,1602,1500
1380,1601,1500
1376,1600,1500
1374,1598,1500
1371,1597,1500
1368,1595,1500
1365,1594,1500
1363,1592,1500
1360,1591,1500
1357,1589,1500
1355,1587,1500
1353,1585,1500
1349,1584,1500
1346,1583,1500
1343,1582,1500
1339,1580,1500
1336,1579,1500
1335,1580,1500
1334,1582,1500
1332,1583,1500
1329,1581,1500
1328,1582,1500
1327,1584,1500
1323,1582,1500
1322,1583,1500
1319,1582,1500
1318,1583,1500
1317,1584,1500
1315,1585,1500
1317,1584,1500
1318,1583,1500
1319,1582,1500
1320,1581,1500
1323,1582,1500
1327,1584,1500
1328,1582,1500
1329,1581,1500
1332,1583,1500
1334,1582,1500
1335,1580,1500
1336,1579,1500
1337,1578,1500
1340,1579,1500
1344,1580,1500
1347,1582,1500
1349,1584,1500
1353,1585,1500
1355,1587,1500
1357,1589,1500
1361,1590,1500
1363,1592,1500
1366,1593,1500
1368,1595,1500
1372,1596,1500
1374,1598,1500
1377,1599,1500
1381,1600,1500
1384,1601,1500
1386,1603,1500
1390,1604,1500
1393,1604,1500
1396,1605,1500
1399,1607,1500
1401,1609,1500
1404,1610,1500
1406,1612,1500
1408,1614,1500
1411,1616,1500
1413,1618,1500
1415,1620,1500
1417,1622,1500
1420,1624,1500
1423,1625,1500
1425,1627,1500
1427,1629,1500
1429,1631,1500
1432,1633,1500
1434,1635,1500
1436,1637,1500
1438,1639,1500
1441,1641,1500
1444,1641,1500
1446,1643,1500
1448,1645,1500
1451,1647,1500
1453,1649,1500
1455,1651,1500
1457,1653,1500
1460,1655,1500
1462,1657,1500
1465,1657,1500
1467,1659,1500
1470,1661,1500
1472,1663,1500
1474,1665,1400
1349,1551,1400
1350,1554,1400
1351,1557,1500
1352,1560,1500
1353,1564,1500
1354,1567,1500
1356,1569,1500
1357,1572,1500
1358,1576,1500
1357,1577,1500
1356,1574,1500
1352,1573,1500
1350,1570,1500
1348,1568,1500
1346,1566,1500
1342,1565,1500
1339,1564,1500
1337,1562,1500
1333,1561,1500
1330,1560,1500
1326,1559,1500
1323,1558,1500
1322,1559,1500
1318,1558,1500
1315,1556,1500
1314,1558,1500
1313,1559,1500
1309,1557,1500
1308,1558,1500
1307,1559,1500
1305,1560,1500
1304,1561,1500
1303,1562,1500
1304,1565,1500
1301,1564,1500
1299,1565,1500
1298,1566,1500
1295,1565,1500
1294,1566,1500
1293,1567,1500
1294,1570,1500
1293,1571,1500
1294,1574,1500
1293,1575,1500
1294,1578,1500
1293,1579,1500
1294,1582,1500
1296,1584,1500
1299,1587,1500
1300,1590,1500
1302,1592,1500
1304,1595,1500
1306,1598,1500
1308,1600,1500
1310,1603,1500
1312,1606,1500
1314,1609,1500
1313,1610,1500
1314,1613,1500
1313,1614,1500
1314,1617,1500
1316,1621,1500
1315,1622,1500
1317,1625,1500
1318,1628,1500
1320,1631,1500
1321,1635,1500
1320,1636,1500
1319,1632,1500
1317,1629,1500
1316,1626,1500
1317,1625,1500
1315,1622,1500
1313,1618,1500
1314,1617,1500
1313,1614,1500
1314,1613,1500
1313,1610,1500
1311,1607,1500
1310,1603,1500
1308,1600,1500
1306,1598,1500
1304,1595,1500
1302,1592,1500
1300,1590,1500
1299,1587,1500
1296,1584,1500
1294,1582,1500
1292,1580,1500
1293,1579,1500
1291,1576,1500
1293,1575,1500
1291,1572,1500
1293,1571,1500
1291,1567,1500
1293,1567,1500
1294,1566,1500
1295,1565,1500
1298,1566,1500
1299,1565,1500
1301,1564,1500
1304,1565,1500
1303,1562,1500
1304,1561,1500
1305,1560,1500
1307,1559,1500
1308,1558,1500
1309,1557,1500
1310,1556,1500
1314,1558,1500
1315,1556,1500
1318,1558,1500
1320,1557,1500
1323,1558,1500
1324,1557,1500
1328,1558,1500
1331,1559,1500
1335,1560,1500
1337,1562,1500
1340,1563,1500
1342,1565,1500
1346,1566,1500
1348,1568,1500
1350,1570,1500
1352,1573,1500
1356,1574,1500
1355,1570,1500
1354,1567,1500
1352,1565,1500
1351,1562,1500
1350,1558,1500
1349,1555,1500
1348,1552,1500
1347,1549,1500
1345,1546,1500
1342,1546,1500
1340,1547,1500
1341,1550,1500
1342,1553,1500
1343,1556,1500
1344,1560,1500
1343,1556,1500
1342,1553,1500
1340,1551,1500
1339,1548,1500
1340,1547,1500
1342,1546,1500
1345,1546,1500
1347,1549,1500
1349,1551,1400
1306,1506,1400
1306,1506,1400
1317,1520,1400
1315,1521,1400
1314,1522,1500
1313,1523,1500
1311,1524,1500
1310,1526,1500
1306,1524,1500
1305,1525,1500
1302,1524,1500
1300,1525,1500
1297,1524,1500
1293,1523,1500
1290,1522,1500
1289,1523,1500
1289,1526,1500
1290,1529,1500
1292,1531,1500
1294,1533,1500
1297,1536,1500
1299,1538,1500
1301,1540,1500
1303,1542,1500
1305,1544,1500
1304,1545,1500
1303,1542,1500
1301,1540,1500
1299,1538,1500
1297,1536,1500
1294,1533,1500
1292,1531,1500
1290,1529,1500
1289,1526,1500
1287,1524,1500
1284,1522,1500
1282,1523,1500
1284,1522,1500
1287,1524,1500
1289,1523,1500
1290,1522,1500
1293,1523,1500
1295,1522,1500
1298,1523,1500
1302,1524,1500
1305,1525,1500
1306,1524,1500
1310,1526,1500
1311,1524,1500
1313,1523,1500
1314,1522,1500
1315,1521,1500
1315,1518,1500
1313,1516,1500
1311,1514,1500
1307,1513,1500
1305,1511,1500
1303,1508,1500
1299,1507,1500
1296,1506,1500
1294,1504,1500
1292,1502,1500
1290,1500,1500
1292,1502,1500
1294,1504,1500
1297,1505,1500
1299,1507,1500
1303,1508,1500
1305,1511,1500
1308,1512,1500
1311,1514,1500
1313,1516,1500
1315,1518,1500
1317,1520,1400
1274,1475,1400
1273,1476,1400
1271,1477,1500
1270,1478,1500
1268,1479,1500
1267,1480,1500
1263,1479,1500
1262,1480,1500
1260,1480,1500
1259,1481,1500
1259,1485,1500
1258,1485,1500
1256,1486,1500
1255,1487,1500
1254,1488,1500
1252,1489,1500
1251,1490,1500
1247,1489,1500
1246,1489,1500
1244,1490,1500
1243,1491,1500
1241,1492,1500
1240,1493,1500
1239,1494,1500
1237,1494,1500
1236,1495,1500
1234,1496,1500
1236,1495,1500
1237,1494,1500
1239,1494,1500
1240,1493,1500
1241,1492,1500
1243,1491,1500
1244,1490,1500
1246,1489,1500
1247,1489,1500
1251,1490,1500
1252,1489,1500
1254,1488,1500
1255,1487,1500
1256,1486,1500
1258,1485,1500
1259,1485,1500
1259,1481,1500
1257,1479,1500
1253,1478,1500
1252,1479,1500
1250,1480,1500
1247,1478,1500
1245,1479,1500
1245,1476,1500
1241,1475,1500
1243,1474,1500
1244,1473,1500
1244,1470,1500
1245,1469,1500
1245,1466,1500
1244,1463,1500
1246,1462,1500
1246,1465,1500
1247,1468,1500
1245,1469,1500
1246,1472,1500
1244,1473,1500
1245,1476,1500
1247,1478,1500
1250,1480,1500
1252,1479,1500
1253,1478,1500
1255,1477,1500
1256,1476,1500
1256,1473,1500
1255,1470,1500
1253,1468,1500
1255,1467,1500
1255,1470,1500
1257,1472,1500
1261,1473,1500
1257,1472,1500
1256,1473,1500
1256,1476,1500
1257,1479,1500
1260,1480,1500
1262,1480,1500
1263,1479,1500
1267,1480,1500
1268,1479,1500
1270,1478,1500
1271,1477,1500
1271,1474,1500
1272,1473,1500
1274,1475,1400
1327,1535,1400
1327,1538,1400
1329,1540,1500
1330,1544,1500
1332,1546,1500
1333,1549,1500
1334,1552,1500
1333,1553,1500
1332,1550,1500
1331,1547,1500
1330,1544,1500
1328,1542,1500
1327,1538,1500
1327,1535,1500
1324,1533,1500
1322,1531,1500
1324,1533,1500
1327,1535,1400
1487,1687,1400
1489,1691,1400
1490,1694,1500
1491,1698,1500
1490,1699,1500
1490,1701,1500
1489,1702,1500
1488,1704,1500
1487,1705,1500
1486,1707,1500
1485,1708,1500
1484,1710,1500
1484,1711,1500
1480,1711,1500
1480,1712,1500
1479,1714,1500
1478,1715,1500
1479,1714,1500
1480,1712,1500
1480,1711,1500
1481,1709,1500
1484,1710,1500
1485,1708,1500
1486,1707,1500
1487,1705,1500
1488,1704,1500
1489,1702,1500
1490,1701,1500
1490,1699,1500
1491,1698,1500
1490,1694,1500
1489,1691,1500
1486,1689,1500
1485,1686,1500
1483,1684,1500
1480,1682,1500
1477,1681,1500
1474,1681,1500
1471,1680,1500
1470,1682,1500
1469,1683,1500
1468,1685,1500
1467,1686,1500
1466,1688,1500
1465,1689,1500
1464,1691,1500
1463,1692,1500
1463,1693,1500
1464,1697,1500
1463,1698,1500
1461,1696,1500
1458,1696,1500
1456,1692,1500
1454,1690,1500
1452,1687,1500
1450,1685,1500
1448,1683,1500
1445,1681,1500
1444,1677,1500
1442,1675,1500
1439,1673,1500
1437,1671,1500
1435,1669,1500
1432,1667,1500
1430,1665,1500
1428,1663,1500
1426,1661,1500
1423,1659,1500
1421,1657,1500
1419,1655,1500
1415,1654,1500
1414,1651,1500
1412,1649,1500
1413,1647,1500
1411,1644,1500
1410,1641,1500
1411,1639,1500
1410,1636,1500
1409,1633,1500
1408,1629,1500
1406,1626,1500
1405,1623,1500
1407,1625,1500
1409,1628,1500
1410,1631,1500
1411,1635,1500
1412,1638,1500
1411,1639,1500
1412,1643,1500
1414,1646,1500
1413,1647,1500
1414,1651,1500
1416,1653,1500
1419,1655,1500
1421,1657,1500
1423,1659,1500
1426,1661,1500
1428,1663,1500
1430,1665,1500
1432,1667,1500
1435,1669,1500
1437,1671,1500
1439,1673,1500
1442,1675,1500
1444,1677,1500
1445,1681,1500
1448,1683,1500
1450,1685,1500
1452,1687,1500
1454,1690,1500
1456,1692,1500
1458,1694,1500
1461,1696,1500
1464,1697,1500
1463,1693,1500
1463,1692,1500
1464,1691,1500
1465,1689,1500
1466,1688,1500
1467,1686,1500
1468,1685,1500
1469,1683,1500
1470,1682,1500
1471,1680,1500
1474,1681,1500
1475,1679,1500
1478,1680,1500
1480,1682,1500
1483,1684,1500
1485,1686,1500
1487,1687,1400
1646,1809,1400
1644,1807,1400
1641,1806,1500
1639,1804,1500
1637,1803,1500
1634,1801,1500
1632,1800,1500
1630,1798,1500
1627,1796,1500
1625,1795,1500
1622,1793,1500
1620,1792,1500
1622,1793,1500
1625,1795,1500
1627,1796,1500
1630,1798,1500
1632,1800,1500
1634,1801,1500
1637,1803,1500
1639,1804,1500
1641,1806,1500
1644,1807,1500
1646,1809,1400
1517,1717,1400
1517,1718,1400
1513,1718,1500
1513,1720,1500
1512,1721,1500
1511,1723,1500
1510,1724,1500
1509,1726,1500
1508,1727,1500
1508,1729,1500
1505,1729,1500
1504,1730,1500
1503,1732,1500
1502,1733,1500
1499,1733,1500
1496,1732,1500
1494,1730,1500
1491,1728,1500
1488,1728,1500
1486,1726,1500
1483,1724,1500
1481,1722,1500
1478,1721,1500
1475,1721,1500
1472,1719,1500
1469,1718,1500
1467,1716,1500
1465,1714,1500
1463,1711,1500
1461,1709,1500
1458,1707,1500
1457,1703,1500
1454,1701,1500
1452,1699,1500
1450,1697,1500
1448,1694,1500
1446,1692,1500
1443,1690,1500
1441,1688,1500
1439,1685,1500
1441,1688,1500
1443,1690,1500
1446,1692,1500
1448,1694,1500
1450,1697,1500
1452,1699,1500
1454,1701,1500
1457,1703,1500
1458,1707,1500
1461,1709,1500
1463,1711,1500
1465,1714,1500
1467,1716,1500
1469,1718,1500
1472,1719,1500
1476,1719,1500
1479,1720,1500
1481,1722,1500
1483,1724,1500
1486,1726,1500
1488,1728,1500
1491,1728,1500
1494,1730,1500
1497,1731,1500
1500,1731,1500
1503,1732,1500
1504,1730,1500
1505,1729,1500
1505,1727,1500
1508,1727,1500
1509,1726,1500
1510,1724,1500
1511,1723,1500
1512,1721,1500
1513,1720,1500
1513,1718,1500
1514,1716,1500
1515,1715,1500
1517,1717,1400
1484,1692,1400
1484,1693,1400
1483,1695,1500
1484,1693,1500
1482,1690,1500
1479,1690,1500
1476,1689,1500
1477,1693,1500
1479,1696,1500
1481,1698,1500
1479,1696,1500
1475,1696,1500
1476,1694,1500
1477,1693,1500
1476,1689,1500
1477,1688,1500
1479,1690,1500
1482,1690,1500
1484,1692,1400
1595,1779,1400
1597,1783,1400
1594,1783,1500
1594,1781,1500
1595,1779,1400
1399,1621,1400
1397,1622,1400
1399,1626,1500
1397,1622,1500
1394,1621,1500
1393,1623,1500
1390,1622,1500
1391,1625,1500
1392,1629,1500
1391,1630,1500
1390,1631,1500
1391,1634,1500
1390,1636,1500
1389,1637,1500
1388,1638,1500
1387,1639,1500
1384,1638,1500
1383,1639,1500
1382,1641,1500
1381,1642,1500
1380,1643,1500
1379,1644,1500
1378,1645,1500
1375,1644,1500
1374,1645,1500
1373,1646,1500
1372,1648,1500
1369,1646,1500
1368,1648,1500
1367,1649,1500
1368,1648,1500
1369,1646,1500
1372,1648,1500
1373,1646,1500
1374,1645,1500
1375,1644,1500
1378,1645,1500
1379,1644,1500
1380,1643,1500
1381,1642,1500
1382,1641,1500
1383,1639,1500
1384,1638,1500
1387,1639,1500
1388,1638,1500
1389,1637,1500
1390,1636,1500
1391,1634,1500
1390,1631,1500
1391,1630,1500
1392,1629,1500
1391,1625,1500
1390,1622,1500
1386,1621,1500
1383,1620,1500
1382,1621,1500
1381,1622,1500
1380,1624,1500
1381,1627,1500
1380,1628,1500
1379,1629,1500
1378,1631,1500
1375,1630,1500
1374,1631,1500
1373,1632,1500
1372,1633,1500
1371,1634,1500
1370,1635,1500
1369,1636,1500
1368,1638,1500
1367,1639,1500
1364,1638,1500
1360,1636,1500
1362,1640,1500
1361,1641,1500
1360,1642,1500
1359,1643,1500
1358,1644,1500
1357,1645,1500
1359,1649,1500
1360,1652,1500
1360,1653,1500
1359,1654,1500
1360,1657,1500
1363,1660,1500
1366,1661,1500
1368,1663,1500
1372,1664,1500
1373,1663,1500
1376,1664,1500
1379,1666,1500
1382,1668,1500
1385,1669,1500
1387,1671,1500
1390,1672,1500
1393,1674,1500
1390,1673,1500
1387,1671,1500
1384,1670,1500
1382,1668,1500
1378,1667,1500
1375,1666,1500
1372,1664,1500
1371,1666,1500
1368,1663,1500
1365,1662,1500
1363,1660,1500
1360,1657,1500
1358,1655,1500
1359,1654,1500
1360,1653,1500
1358,1650,1500
1356,1646,1500
1357,1645,1500
1358,1644,1500
1359,1643,1500
1360,1642,1500
1361,1641,1500
1360,1638,1500
1360,1636,1500
1359,1633,1500
1358,1630,1500
1360,1632,1500
1359,1633,1500
1360,1636,1500
1364,1638,1500
1367,1639,1500
1368,1638,1500
1369,1636,1500
1370,1635,1500
1371,1634,1500
1372,1633,1500
1373,1632,1500
1374,1631,1500
1375,1630,1500
1378,1631,1500
1379,1629,1500
1380,1628,1500
1379,1625,1500
1380,1624,1500
1381,1622,1500
1382,1621,1500
1381,1618,1500
1378,1617,1500
1374,1616,1500
1375,1615,1500
1378,1617,1500
1381,1618,1500
1384,1619,1500
1388,1620,1500
1391,1621,1500
1394,1621,1500
1397,1622,1500
1396,1619,1500
1399,1621,1400
1236,1464,1400
1237,1467,1400
1235,1468,1500
1234,1469,1500
1232,1470,1500
1231,1471,1500
1229,1471,1500
1228,1472,1500
1226,1473,1500
1225,1474,1500
1223,1475,1500
1222,1475,1500
1222,1478,1500
1223,1481,1500
1225,1484,1500
1227,1486,1500
1229,1488,1500
1230,1491,1500
1229,1488,1500
1227,1486,1500
1225,1484,1500
1223,1481,1500
1221,1479,1500
1220,1476,1500
1222,1475,1500
1223,1475,1500
1225,1474,1500
1226,1473,1500
1228,1472,1500
1229,1471,1500
1231,1471,1500
1232,1470,1500
1234,1469,1500
1235,1468,1500
1235,1465,1500
1234,1462,1500
1231,1460,1500
1227,1459,1500
1225,1460,1500
1222,1458,1500
1220,1459,1500
1217,1458,1500
1217,1461,1500
1216,1462,1500
1216,1465,1500
1217,1468,1500
1215,1465,1500
1216,1465,1500
1216,1462,1500
1215,1459,1500
1215,1456,1500
1213,1453,1500
1211,1451,1500
1209,1449,1500
1210,1448,1500
1211,1451,1500
1213,1453,1500
1215,1456,1500
1218,1457,1500
1222,1458,1500
1223,1458,1500
1227,1459,1500
1229,1458,1500
1232,1460,1500
1234,1462,1500
1236,1464,1400
1226,1453,1400
1223,1451,1400
1221,1452,1500
1217,1451,1500
1215,1449,1500
1219,1450,1500
1223,1451,1500
1226,1453,1400
1474,1698,1400
1475,1702,1400
1477,1704,1500
1475,1702,1500
1472,1701,1500
1471,1703,1500
1470,1704,1500
1469,1706,1500
1469,1707,1500
1469,1706,1500
1470,1704,1500
1471,1703,1500
1472,1701,1500
1473,1700,1500
1474,1698,1400
1204,1448,1400
1202,1449,1400
1201,1449,1500
1201,1452,1500
1202,1456,1500
1202,1459,1500
1201,1459,1500
1201,1462,1500
1203,1465,1500
1204,1468,1500
1204,1471,1500
1205,1474,1500
1207,1476,1500
1206,1477,1500
1207,1480,1500
1207,1483,1500
1209,1485,1500
1213,1487,1500
1217,1488,1500
1216,1485,1500
1215,1482,1500
1213,1480,1500
1212,1477,1500
1212,1474,1500
1211,1471,1500
1212,1474,1500
1212,1477,1500
1214,1479,1500
1215,1482,1500
1217,1484,1500
1218,1488,1500
1219,1491,1500
1221,1493,1500
1222,1496,1500
1223,1499,1500
1225,1501,1500
1226,1504,1500
1226,1507,1500
1224,1505,1500
1223,1502,1500
1223,1499,1500
1220,1497,1500
1220,1494,1500
1219,1491,1500
1217,1488,1500
1213,1487,1500
1212,1487,1500
1212,1490,1500
1211,1491,1500
1210,1492,1500
1211,1491,1500
1210,1488,1500
1209,1485,1500
1206,1483,1500
1207,1483,1500
1207,1480,1500
1206,1477,1500
1205,1474,1500
1204,1471,1500
1202,1468,1500
1202,1465,1500
1201,1462,1500
1201,1459,1500
1197,1458,1500
1201,1459,1500
1200,1456,1500
1200,1453,1500
1201,1452,1500
1201,1449,1500
1202,1449,1500
1204,1448,1400
1435,1680,1400
1434,1681,1400
1433,1683,1500
1432,1684,1500
1429,1683,1500
1428,1685,1500
1426,1682,1500
1424,1680,1500
1420,1680,1500
1417,1679,1500
1416,1680,1500
1413,1679,1500
1411,1677,1500
1409,1673,1500
1410,1672,1500
1411,1671,1500
1414,1672,1500
1417,1673,1500
1421,1674,1500
1420,1675,1500
1421,1678,1500
1424,1680,1500
1426,1682,1500
1429,1683,1500
1432,1684,1500
1433,1683,1500
1434,1681,1500
1433,1678,1500
1430,1676,1500
1428,1674,1500
1425,1673,1500
1422,1671,1500
1426,1672,1500
1428,1674,1500
1430,1676,1500
1433,1678,1500
1435,1680,1400
1188,1436,1400
1189,1439,1400
1189,1442,1500
1190,1445,1500
1188,1442,1500
1187,1439,1500
1187,1436,1500
1186,1433,1500
1188,1436,1400
1584,1809,1400
1584,1809,1400
1185,1444,1400
1185,1447,1400
1186,1450,1500
1186,1453,1500
1187,1456,1500
1189,1458,1500
1191,1460,1500
1192,1463,1500
1194,1466,1500
1194,1469,1500
1196,1471,1500
1197,1474,1500
1198,1477,1500
1200,1479,1500
1201,1482,1500
1202,1485,1500
1202,1488,1500
1205,1491,1500
1205,1494,1500
1208,1496,1500
1208,1499,1500
1211,1502,1500
1213,1504,1500
1214,1507,1500
1215,1510,1500
1217,1512,1500
1216,1513,1500
1217,1516,1500
1215,1517,1500
1214,1517,1500
1215,1520,1500
1216,1523,1500
1214,1521,1500
1213,1518,1500
1211,1516,1500
1214,1517,1500
1215,1517,1500
1214,1514,1500
1216,1513,1500
1215,1510,1500
1214,1507,1500
1212,1505,1500
1211,1502,1500
1208,1499,1500
1208,1496,1500
1205,1494,1500
1203,1491,1500
1202,1488,1500
1200,1486,1500
1199,1483,1500
1199,1480,1500
1198,1477,1500
1197,1474,1500
1195,1472,1500
1194,1469,1500
1192,1466,1500
1192,1463,1500
1189,1461,1500
1189,1458,1500
1187,1456,1500
1185,1453,1500
1184,1450,1500
1184,1447,1500
1185,1447,1500
1185,1444,1400
1577,1811,1400
1579,1814,1400
1577,1813,1500
1577,1811,1400
1465,1721,1400
1466,1724,1400
1468,1727,1500
1470,1731,1500
1469,1732,1500
1467,1729,1500
1466,1725,1500
1464,1722,1500
1465,1721,1400
1260,1527,1400
1261,1530,1400
1262,1534,1500
1261,1534,1500
1259,1535,1500
1260,1538,1500
1262,1542,1500
1263,1545,1500
1265,1547,1500
1266,1550,1500
1268,1552,1500
1269,1556,1500
1271,1559,1500
1272,1562,1500
1274,1564,1500
1276,1567,1500
1278,1570,1500
1280,1572,1500
1281,1575,1500
1282,1579,1500
1284,1582,1500
1285,1585,1500
1286,1588,1500
1289,1590,1500
1290,1594,1500
1292,1597,1500
1293,1600,1500
1294,1603,1500
1296,1607,1500
1295,1607,1500
1294,1608,1500
1295,1612,1500
1297,1615,1500
1299,1617,1500
1302,1620,1500
1304,1623,1500
1306,1625,1500
1309,1628,1500
1311,1630,1500
1313,1634,1500
1315,1636,1500
1318,1638,1500
1320,1641,1500
1323,1643,1500
1325,1646,1500
1328,1648,1500
1325,1646,1500
1323,1643,1500
1320,1641,1500
1318,1638,1500
1315,1636,1500
1313,1634,1500
1311,1630,1500
1309,1628,1500
1306,1625,1500
1304,1623,1500
1302,1620,1500
1299,1617,1500
1297,1615,1500
1295,1612,1500
1292,1610,1500
1290,1608,1500
1287,1605,1500
1285,1603,1500
1282,1600,1500
1280,1598,1500
1277,1595,1500
1275,1593,1500
1277,1595,1500
1281,1597,1500
1282,1596,1500
1280,1593,1500
1281,1592,1500
1283,1595,1500
1282,1596,1500
1281,1597,1500
1282,1600,1500
1285,1603,1500
1287,1605,1500
1290,1608,1500
1293,1609,1500
1294,1608,1500
1295,1607,1500
1293,1604,1500
1292,1601,1500
1291,1598,1500
1292,1597,1500
1290,1594,1500
1289,1590,1500
1286,1588,1500
1285,1585,1500
1284,1582,1500
1281,1579,1500
1280,1576,1500
1279,1573,1500
1278,1570,1500
1276,1567,1500
1273,1565,1500
1272,1562,1500
1269,1560,1500
1268,1556,1500
1267,1553,1500
1266,1550,1500
1264,1548,1500
1263,1545,1500
1260,1542,1500
1259,1539,1500
1258,1536,1500
1259,1535,1500
1261,1534,1500
1260,1531,1500
1259,1528,1500
1258,1525,1500
1260,1527,1400
1172,1440,1400
1173,1442,1400
1175,1445,1500
1173,1445,1500
1172,1446,1500
1172,1449,1500
1173,1452,1500
1175,1454,1500
1176,1457,1500
1178,1460,1500
1178,1463,1500
1181,1465,1500
1181,1468,1500
1182,1471,1500
1184,1473,1500
1186,1476,1500
1188,1478,1500
1189,1481,1500
1191,1483,1500
1192,1486,1500
1193,1489,1500
1194,1492,1500
1195,1495,1500
1197,1498,1500
1198,1501,1500
1200,1503,1500
1201,1506,1500
1204,1508,1500
1205,1511,1500
1206,1514,1500
1207,1517,1500
1208,1521,1500
1209,1524,1500
1210,1527,1500
1211,1530,1500
1214,1532,1500
1216,1534,1500
1217,1538,1500
1215,1535,1500
1214,1532,1500
1211,1530,1500
1210,1527,1500
1209,1524,1500
1208,1521,1500
1205,1518,1500
1204,1515,1500
1203,1512,1500
1202,1509,1500
1201,1506,1500
1199,1504,1500
1198,1501,1500
1196,1498,1500
1195,1495,1500
1193,1493,1500
1192,1490,1500
1191,1487,1500
1190,1484,1500
1189,1481,1500
1187,1479,1500
1186,1476,1500
1184,1473,1500
1182,1471,1500
1181,1468,1500
1179,1466,1500
1178,1463,1500
1178,1460,1500
1176,1457,1500
1175,1454,1500
1173,1452,1500
1171,1450,1500
1172,1449,1500
1172,1446,1500
1173,1445,1500
1173,1442,1500
1171,1440,1500
1172,1440,1400
1479,1741,1400
1480,1744,1400
1483,1746,1500
1482,1748,1500
1484,1751,1500
1486,1755,1500
1488,1757,1500
1487,1758,1500
1487,1760,1500
1486,1761,1500
1486,1763,1500
1485,1764,1500
1484,1765,1500
1484,1767,1500
1483,1768,1500
1484,1767,1500
1484,1765,1500
1485,1764,1500
1486,1763,1500
1486,1761,1500
1487,1760,1500
1487,1758,1500
1486,1755,1500
1483,1753,1500
1480,1752,1500
1477,1751,1500
1476,1753,1500
1476,1754,1500
1475,1756,1500
1475,1757,1500
1474,1758,1500
1473,1760,1500
1473,1761,1500
1472,1763,1500
1472,1764,1500
1471,1766,1500
1471,1767,1500
1468,1766,1500
1467,1768,1500
1467,1769,1500
1464,1768,1500
1463,1770,1500
1460,1769,1500
1460,1770,1500
1460,1769,1500
1461,1767,1500
1464,1768,1500
1464,1767,1500
1467,1768,1500
1468,1766,1500
1471,1767,1500
1471,1766,1500
1472,1764,1500
1472,1763,1500
1473,1761,1500
1473,1760,1500
1474,1758,1500
1475,1757,1500
1475,1756,1500
1476,1754,1500
1476,1753,1500
1477,1751,1500
1480,1752,1500
1483,1753,1500
1484,1751,1500
1482,1748,1500
1480,1744,1500
1479,1741,1500
1476,1739,1500
1474,1736,1500
1476,1739,1500
1479,1741,1400
1459,1725,1400
1458,1727,1400
1460,1730,1500
1462,1732,1500
1464,1736,1500
1463,1737,1500
1465,1741,1500
1464,1742,1500
1464,1744,1500
1463,1745,1500
1462,1746,1500
1462,1748,1500
1461,1749,1500
1458,1748,1500
1458,1750,1500
1457,1751,1500
1456,1753,1500
1453,1752,1500
1453,1753,1500
1450,1752,1500
1447,1751,1500
1444,1750,1500
1441,1748,1500
1439,1746,1500
1436,1744,1500
1434,1740,1500
1435,1739,1500
1435,1737,1500
1433,1734,1500
1434,1733,1500
1435,1731,1500
1435,1730,1500
1436,1729,1500
1439,1730,1500
1440,1728,1500
1440,1727,1500
1441,1726,1500
1442,1724,1500
1442,1723,1500
1445,1724,1500
1446,1722,1500
1449,1723,1500
1450,1722,1500
1452,1724,1500
1449,1723,1500
1446,1722,1500
1445,1724,1500
1442,1723,1500
1442,1724,1500
1441,1726,1500
1440,1727,1500
1440,1728,1500
1439,1730,1500
1438,1731,1500
1435,1730,1500
1435,1731,1500
1434,1733,1500
1433,1734,1500
1435,1737,1500
1435,1739,1500
1437,1742,1500
1439,1746,1500
1441,1748,1500
1444,1749,1500
1447,1751,1500
1450,1752,1500
1453,1753,1500
1453,1752,1500
1456,1753,1500
1457,1751,1500
1458,1750,1500
1458,1748,1500
1461,1749,1500
1462,1748,1500
1462,1746,1500
1463,1745,1500
1464,1744,1500
1464,1742,1500
1462,1739,1500
1463,1737,1500
1461,1734,1500
1460,1730,1500
1457,1728,1500
1458,1727,1500
1456,1723,1500
1459,1725,1400
1254,1531,1400
1252,1532,1400
1250,1530,1500
1254,1531,1400
1446,1716,1400
1443,1716,1400
1440,1713,1500
1437,1713,1500
1435,1710,1500
1432,1708,1500
1430,1706,1500
1427,1705,1500
1424,1703,1500
1422,1701,1500
1423,1700,1500
1421,1696,1500
1419,1693,1500
1416,1692,1500
1414,1690,1500
1411,1687,1500
1409,1685,1500
1407,1683,1500
1404,1681,1500
1403,1677,1500
1400,1675,1500
1398,1673,1500
1395,1671,1500
1393,1669,1500
1391,1666,1500
1387,1665,1500
1386,1667,1500
1384,1664,1500
1387,1665,1500
1388,1664,1500
1391,1666,1500
1393,1669,1500
1395,1671,1500
1398,1673,1500
1400,1675,1500
1403,1677,1500
1405,1680,1500
1407,1683,1500
1409,1685,1500
1411,1687,1500
1414,1690,1500
1416,1692,1500
1419,1693,1500
1422,1695,1500
1421,1696,1500
1423,1700,1500
1424,1703,1500
1427,1705,1500
1430,1706,1500
1432,1708,1500
1435,1710,1500
1437,1713,1500
1440,1713,1500
1443,1716,1500
1446,1716,1400
1629,1863,1400
1627,1861,1400
1624,1860,1500
1627,1861,1500
1629,1863,1400
1457,1736,1400
1456,1737,1400
1456,1739,1500
1455,1740,1500
1453,1738,1500
1450,1736,1500
1447,1735,1500
1450,1736,1500
1448,1732,1500
1449,1731,1500
1450,1729,1500
1452,1732,1500
1454,1734,1500
1457,1736,1400
1288,1582,1400
1288,1582,1400
1271,1567,1400
1269,1568,1400
1271,1571,1500
1273,1573,1500
1274,1576,1500
1273,1577,1500
1275,1580,1500
1277,1583,1500
1278,1586,1500
1281,1588,1500
1278,1586,1500
1276,1583,1500
1275,1580,1500
1273,1577,1500
1272,1574,1500
1271,1571,1500
1269,1568,1500
1268,1564,1500
1271,1567,1400
1226,1526,1400
1227,1529,1400
1229,1531,1500
1231,1534,1500
1233,1536,1500
1232,1537,1500
1233,1540,1500
1232,1541,1500
1228,1539,1500
1229,1542,1500
1228,1543,1500
1229,1546,1500
1228,1547,1500
1224,1545,1500
1223,1545,1500
1221,1543,1500
1222,1542,1500
1226,1544,1500
1229,1546,1500
1228,1543,1500
1227,1540,1500
1228,1539,1500
1232,1541,1500
1233,1540,1500
1232,1537,1500
1231,1534,1500
1229,1531,1500
1227,1529,1500
1225,1526,1500
1224,1523,1500
1226,1526,1400
1222,1528,1400
1223,1531,1400
1222,1531,1500
1223,1531,1500
1222,1528,1400
1193,1503,1400
1189,1501,1400
1190,1504,1500
1189,1505,1500
1190,1508,1500
1191,1511,1500
1194,1513,1500
1196,1512,1500
1197,1511,1500
1196,1512,1500
1194,1513,1500
1191,1511,1500
1189,1511,1500
1191,1514,1500
1189,1515,1500
1190,1518,1500
1192,1521,1500
1194,1523,1500
1195,1526,1500
1198,1529,1500
1196,1529,1500
1198,1532,1500
1196,1533,1500
1198,1536,1500
1197,1536,1500
1195,1537,1500
1197,1540,1500
1196,1540,1500
1197,1543,1500
1198,1546,1500
1197,1547,1500
1199,1550,1500
1200,1553,1500
1202,1556,1500
1204,1558,1500
1206,1561,1500
1208,1565,1500
1210,1567,1500
1212,1570,1500
1213,1573,1500
1216,1576,1500
1219,1579,1500
1221,1582,1500
1223,1584,1500
1226,1587,1500
1229,1590,1500
1231,1592,1500
1234,1595,1500
1237,1597,1500
1239,1600,1500
1242,1603,1500
1246,1605,1500
1248,1607,1500
1251,1610,1500
1254,1613,1500
1257,1615,1500
1260,1617,1500
1263,1620,1500
1266,1622,1500
1268,1625,1500
1271,1628,1500
1273,1631,1500
1276,1634,1500
1278,1636,1500
1281,1639,1500
1284,1642,1500
1287,1643,1500
1291,1645,1500
1291,1645,1500
1291,1645,1500
1290,1646,1500
1286,1644,1500
1284,1642,1500
1281,1639,1500
1278,1636,1500
1276,1634,1500
1273,1631,1500
1271,1628,1500
1268,1625,1500
1266,1622,1500
1263,1620,1500
1260,1617,1500
1257,1615,1500
1254,1613,1500
1251,1610,1500
1248,1607,1500
1246,1605,1500
1242,1603,1500
1239,1600,1500
1237,1597,1500
1234,1595,1500
1231,1592,1500
1229,1590,1500
1226,1587,1500
1223,1584,1500
1221,1582,1500
1219,1579,1500
1216,1576,1500
1213,1573,1500
1212,1570,1500
1209,1568,1500
1208,1565,1500
1205,1562,1500
1203,1559,1500
1202,1556,1500
1199,1553,1500
1198,1550,1500
1199,1550,1500
1197,1547,1500
1196,1544,1500
1194,1541,1500
1196,1540,1500
1197,1540,1500
1195,1537,1500
1197,1536,1500
1198,1536,1500
1196,1533,1500
1195,1530,1500
1196,1529,1500
1195,1526,1500
1193,1524,1500
1192,1521,1500
1190,1518,1500
1189,1515,1500
1188,1512,1500
1189,1511,1500
1188,1508,1500
1187,1505,1500
1189,1505,1500
1190,1504,1500
1189,1501,1500
1190,1501,1500
1193,1503,1400
1252,1576,1400
1253,1579,1400
1256,1581,1500
1258,1584,1500
1261,1586,1500
1258,1584,1500
1256,1581,1500
1253,1579,1500
1252,1576,1500
1249,1573,1500
1247,1571,1500
1244,1568,1500
1242,1566,1500
1239,1563,1500
1237,1561,1500
1233,1559,1500
1231,1557,1500
1228,1554,1500
1226,1552,1500
1228,1554,1500
1231,1557,1500
1233,1559,1500
1237,1561,1500
1239,1563,1500
1242,1566,1500
1244,1568,1500
1247,1571,1500
1249,1573,1500
1252,1576,1400
1303,1629,1400
1304,1632,1400
1307,1635,1500
1309,1637,1500
1312,1639,1500
1314,1642,1500
1317,1644,1500
1320,1647,1500
1322,1649,1500
1325,1652,1500
1326,1655,1500
1329,1658,1500
1332,1660,1500
1334,1662,1500
1337,1665,1500
1339,1667,1500
1342,1670,1500
1344,1673,1500
1346,1676,1500
1349,1678,1500
1351,1681,1500
1353,1684,1500
1356,1686,1500
1359,1689,1500
1360,1692,1500
1363,1695,1500
1366,1697,1500
1368,1700,1500
1371,1702,1500
1373,1705,1500
1376,1707,1500
1379,1709,1500
1381,1712,1500
1384,1714,1500
1386,1717,1500
1389,1719,1500
1392,1722,1500
1394,1724,1500
1396,1728,1500
1398,1731,1500
1401,1734,1500
1404,1736,1500
1406,1738,1500
1409,1741,1500
1411,1743,1500
1414,1746,1500
1417,1748,1500
1419,1750,1500
1422,1753,1500
1425,1754,1500
1428,1755,1500
1431,1756,1500
1433,1759,1500
1430,1758,1500
1427,1756,1500
1424,1755,1500
1422,1753,1500
1419,1750,1500
1417,1748,1500
1414,1746,1500
1411,1743,1500
1409,1741,1500
1406,1738,1500
1404,1736,1500
1401,1734,1500
1398,1732,1500
1395,1730,1500
1398,1731,1500
1396,1728,1500
1394,1724,1500
1392,1722,1500
1389,1719,1500
1386,1717,1500
1384,1714,1500
1381,1712,1500
1379,1709,1500
1376,1707,1500
1373,1705,1500
1371,1702,1500
1368,1700,1500
1366,1697,1500
1363,1695,1500
1360,1692,1500
1359,1689,1500
1356,1686,1500
1353,1684,1500
1351,1681,1500
1349,1678,1500
1346,1676,1500
1344,1673,1500
1342,1670,1500
1339,1667,1500
1337,1665,1500
1334,1662,1500
1332,1660,1500
1329,1658,1500
1326,1655,1500
1325,1652,1500
1322,1649,1500
1320,1647,1500
1317,1644,1500
1314,1642,1500
1312,1639,1500
1309,1637,1500
1307,1635,1500
1304,1632,1500
1303,1629,1500
1300,1626,1500
1297,1624,1500
1295,1621,1500
1292,1619,1500
1290,1616,1500
1287,1614,1500
1285,1612,1500
1282,1609,1500
1280,1607,1500
1277,1604,1500
1275,1602,1500
1272,1599,1500
1270,1597,1500
1267,1594,1500
1265,1592,1500
1267,1594,1500
1270,1597,1500
1272,1599,1500
1275,1602,1500
1277,1604,1500
1280,1607,1500
1282,1609,1500
1285,1612,1500
1287,1614,1500
1290,1616,1500
1292,1619,1500
1295,1621,1500
1297,1624,1500
1300,1626,1500
1303,1629,1400
1249,1581,1400
1250,1585,1400
1253,1587,1500
1255,1590,1500
1256,1593,1500
1259,1596,1500
1261,1599,1500
1263,1602,1500
1265,1604,1500
1267,1607,1500
1269,1611,1500
1271,1614,1500
1273,1616,1500
1276,1619,1500
1278,1622,1500
1281,1624,1500
1284,1627,1500
1286,1629,1500
1288,1632,1500
1291,1635,1500
1293,1638,1500
1296,1640,1500
1299,1643,1500
1301,1645,1500
1303,1649,1500
1306,1651,1500
1308,1654,1500
1311,1656,1500
1314,1659,1500
1316,1661,1500
1319,1664,1500
1322,1666,1500
1324,1669,1500
1327,1671,1500
1330,1674,1500
1332,1677,1500
1335,1679,1500
1338,1682,1500
1340,1684,1500
1343,1687,1500
1346,1689,1500
1348,1692,1500
1351,1694,1500
1354,1697,1500
1356,1699,1500
1359,1702,1500
1361,1704,1500
1364,1707,1500
1367,1708,1500
1370,1711,1500
1373,1713,1500
1375,1716,1500
1378,1718,1500
1381,1721,1500
1383,1723,1500
1386,1726,1500
1388,1728,1500
1391,1731,1500
1394,1733,1500
1396,1736,1500
1399,1738,1500
1402,1741,1500
1404,1743,1500
1407,1746,1500
1409,1748,1500
1412,1750,1500
1415,1753,1500
1417,1755,1500
1420,1758,1500
1423,1760,1500
1426,1761,1500
1428,1764,1500
1425,1763,1500
1423,1760,1500
1420,1758,1500
1417,1755,1500
1415,1753,1500
1412,1750,1500
1409,1748,1500
1407,1746,1500
1404,1743,1500
1402,1741,1500
1399,1738,1500
1396,1736,1500
1394,1733,1500
1391,1731,1500
1388,1728,1500
1386,1726,1500
1383,1723,1500
1381,1721,1500
1378,1718,1500
1375,1716,1500
1373,1713,1500
1370,1711,1500
1367,1708,1500
1364,1707,1500
1361,1704,1500
1359,1702,1500
1356,1699,1500
1354,1697,1500
1351,1694,1500
1348,1692,1500
1346,1689,1500
1343,1687,1500
1340,1684,1500
1338,1682,1500
1335,1679,1500
1332,1677,1500
1330,1674,1500
1327,1671,1500
1324,1669,1500
1322,1666,1500
1319,1664,1500
1316,1661,1500
1314,1659,1500
1311,1656,1500
1308,1654,1500
1306,1651,1500
1303,1649,1500
1301,1645,1500
1299,1643,1500
1296,1640,1500
1293,1638,1500
1291,1635,1500
1288,1632,1500
1286,1629,1500
1284,1627,1500
1281,1624,1500
1278,1622,1500
1276,1619,1500
1273,1616,1500
1271,1614,1500
1268,1611,1500
1266,1608,1500
1265,1605,1500
1263,1602,1500
1260,1599,1500
1259,1596,1500
1256,1593,1500
1255,1590,1500
1252,1588,1500
1250,1585,1500
1248,1582,1500
1246,1579,1500
1244,1577,1500
1241,1574,1500
1239,1572,1500
1236,1569,1500
1234,1567,1500
1231,1564,1500
1229,1562,1500
1226,1559,1500
1224,1557,1500
1221,1554,1500
1219,1552,1500
1216,1549,1500
1219,1552,1500
1221,1554,1500
1224,1557,1500
1226,1559,1500
1229,1562,1500
1231,1564,1500
1234,1567,1500
1236,1569,1500
1239,1572,1500
1241,1574,1500
1244,1577,1500
1246,1579,1500
1249,1581,1400
1317,1649,1400
1315,1647,1400
1312,1644,1500
1309,1643,1500
1305,1641,1500
1304,1642,1500
1306,1645,1500
1309,1648,1500
1311,1650,1500
1314,1653,1500
1317,1655,1500
1319,1658,1500
1322,1660,1500
1325,1663,1500
1327,1665,1500
1330,1668,1500
1332,1670,1500
1335,1673,1500
1338,1675,1500
1340,1678,1500
1344,1679,1500
1346,1682,1500
1349,1684,1500
1352,1686,1500
1355,1688,1500
1351,1687,1500
1349,1684,1500
1346,1682,1500
1344,1679,1500
1340,1678,1500
1338,1675,1500
1335,1673,1500
1332,1670,1500
1330,1668,1500
1327,1665,1500
1325,1663,1500
1322,1660,1500
1319,1658,1500
1317,1655,1500
1314,1653,1500
1311,1650,1500
1309,1648,1500
1306,1645,1500
1303,1644,1500
1304,1643,1500
1304,1642,1500
1305,1641,1500
1306,1640,1500
1309,1642,1500
1312,1644,1500
1315,1647,1500
1317,1649,1400
1124,1458,1400
1125,1461,1400
1126,1464,1500
1127,1467,1500
1125,1467,1500
1126,1470,1500
1127,1472,1500
1126,1473,1500
1124,1473,1500
1120,1471,1500
1118,1468,1500
1114,1466,1500
1110,1464,1500
1111,1467,1500
1112,1469,1500
1113,1472,1500
1114,1475,1500
1115,1478,1500
1114,1478,1500
1113,1478,1500
1111,1478,1500
1110,1479,1500
1108,1479,1500
1104,1476,1500
1102,1474,1500
1099,1471,1500
1097,1469,1500
1094,1466,1500
1092,1463,1500
1090,1461,1500
1092,1463,1500
1094,1466,1500
1097,1469,1500
1099,1471,1500
1102,1474,1500
1106,1476,1500
1110,1479,1500
1111,1478,1500
1113,1478,1500
1114,1478,1500
1113,1475,1500
1114,1475,1500
1113,1472,1500
1112,1469,1500
1110,1467,1500
1109,1464,1500
1110,1464,1500
1109,1461,1500
1108,1458,1500
1109,1461,1500
1110,1464,1500
1114,1466,1500
1118,1468,1500
1122,1471,1500
1126,1473,1500
1125,1470,1500
1124,1467,1500
1125,1467,1500
1124,1464,1500
1123,1461,1500
1122,1458,1500
1122,1456,1500
1124,1458,1400
1209,1549,1400
1211,1552,1400
1213,1554,1500
1215,1557,1500
1217,1560,1500
1220,1563,1500
1222,1565,1500
1225,1568,1500
1227,1570,1500
1230,1573,1500
1233,1575,1500
1235,1578,1500
1238,1580,1500
1241,1582,1500
1244,1585,1500
1246,1587,1500
1249,1590,1500
1252,1592,1500
1249,1590,1500
1246,1587,1500
1244,1585,1500
1241,1582,1500
1238,1580,1500
1235,1578,1500
1233,1575,1500
1230,1573,1500
1227,1570,1500
1225,1568,1500
1222,1565,1500
1220,1563,1500
1217,1560,1500
1215,1557,1500
1213,1554,1500
1211,1552,1500
1209,1549,1500
1206,1547,1500
1204,1547,1500
1206,1550,1500
1207,1553,1500
1209,1556,1500
1210,1560,1500
1213,1562,1500
1214,1565,1500
1216,1568,1500
1219,1571,1500
1220,1574,1500
1223,1577,1500
1224,1580,1500
1227,1582,1500
1230,1585,1500
1232,1587,1500
1235,1590,1500
1238,1593,1500
1240,1595,1500
1244,1597,1500
1247,1600,1500
1249,1602,1500
1253,1604,1500
1256,1607,1500
1259,1609,1500
1262,1611,1500
1264,1614,1500
1267,1617,1500
1270,1619,1500
1272,1622,1500
1275,1624,1500
1278,1627,1500
1280,1630,1500
1283,1632,1500
1285,1635,1500
1288,1638,1500
1290,1641,1500
1293,1643,1500
1296,1646,1500
1298,1648,1500
1301,1651,1500
1304,1653,1500
1306,1656,1500
1309,1659,1500
1311,1662,1500
1314,1665,1500
1316,1668,1500
1318,1671,1500
1321,1673,1500
1324,1676,1500
1326,1678,1500
1328,1682,1500
1331,1684,1500
1334,1686,1500
1337,1689,1500
1334,1687,1500
1331,1684,1500
1328,1682,1500
1326,1679,1500
1324,1676,1500
1321,1673,1500
1318,1671,1500
1316,1668,1500
1314,1665,1500
1311,1662,1500
1308,1659,1500
1306,1656,1500
1304,1653,1500
1301,1651,1500
1298,1648,1500
1296,1646,1500
1293,1643,1500
1290,1641,1500
1288,1638,1500
1285,1635,1500
1283,1632,1500
1280,1630,1500
1278,1627,1500
1275,1624,1500
1272,1622,1500
1270,1619,1500
1267,1617,1500
1264,1614,1500
1262,1611,1500
1258,1610,1500
1256,1607,1500
1252,1605,1500
1249,1602,1500
1247,1600,1500
1244,1597,1500
1240,1595,1500
1238,1593,1500
1235,1590,1500
1232,1587,1500
1230,1585,1500
1227,1582,1500
1224,1580,1500
1222,1577,1500
1220,1574,1500
1218,1571,1500
1216,1568,1500
1214,1565,1500
1213,1562,1500
1210,1560,1500
1208,1557,1500
1206,1554,1500
1205,1551,1500
1206,1550,1500
1204,1547,1500
1206,1547,1500
1209,1549,1400
1116,1457,1400
1114,1457,1400
1115,1460,1500
1116,1463,1500
1115,1460,1500
1114,1457,1500
1116,1457,1400
1271,1633,1400
1270,1634,1400
1266,1632,1500
1264,1629,1500
1260,1627,1500
1256,1625,1500
1253,1622,1500
1249,1620,1500
1247,1618,1500
1243,1615,1500
1239,1613,1500
1236,1611,1500
1232,1609,1500
1229,1606,1500
1226,1604,1500
1222,1601,1500
1218,1599,1500
1217,1599,1500
1217,1600,1500
1216,1600,1500
1218,1603,1500
1217,1604,1500
1213,1601,1500
1210,1598,1500
1207,1595,1500
1204,1593,1500
1202,1590,1500
1199,1587,1500
1195,1585,1500
1192,1582,1500
1188,1579,1500
1185,1576,1500
1182,1574,1500
1179,1571,1500
1175,1568,1500
1172,1565,1500
1175,1568,1500
1179,1571,1500
1182,1574,1500
1185,1576,1500
1189,1579,1500
1192,1582,1500
1196,1584,1500
1199,1587,1500
1202,1590,1500
1204,1593,1500
1207,1595,1500
1210,1598,1500
1214,1601,1500
1215,1600,1500
1216,1600,1500
1217,1600,1500
1217,1599,1500
1218,1599,1500
1219,1599,1500
1220,1598,1500
1223,1601,1500
1226,1603,1500
1229,1606,1500
1233,1608,1500
1236,1610,1500
1240,1613,1500
1243,1615,1500
1247,1618,1500
1250,1620,1500
1254,1622,1500
1257,1624,1500
1261,1626,1500
1264,1629,1500
1267,1631,1500
1271,1633,1400
1550,1897,1400
1550,1898,1400
1548,1898,1500
1545,1897,1500
1542,1896,1500
1540,1896,1500
1537,1895,1500
1535,1894,1500
1532,1894,1500
1532,1895,1500
1529,1894,1500
1527,1894,1500
1524,1893,1500
1524,1894,1500
1522,1894,1500
1522,1895,1500
1522,1897,1500
1519,1896,1500
1519,1897,1500
1517,1896,1500
1514,1895,1500
1512,1894,1500
1509,1893,1500
1506,1892,1500
1507,1894,1500
1504,1893,1500
1501,1891,1500
1499,1890,1500
1499,1892,1500
1497,1890,1500
1494,1888,1500
1491,1886,1500
1488,1884,1500
1486,1881,1500
1483,1878,1500
1486,1881,1500
1488,1884,1500
1491,1885,1500
1494,1888,1500
1496,1889,1500
1499,1890,1500
1501,1891,1500
1501,1890,1500
1504,1891,1500
1506,1892,1500
1506,1891,1500
1509,1892,1500
1511,1893,1500
1514,1894,1500
1517,1895,1500
1519,1896,1500
1519,1894,1500
1522,1895,1500
1522,1894,1500
1522,1892,1500
1524,1893,1500
1524,1891,1500
1527,1892,1500
1529,1893,1500
1532,1894,1500
1535,1894,1500
1535,1893,1500
1537,1893,1500
1540,1894,1500
1542,1895,1500
1545,1895,1500
1548,1896,1500
1550,1897,1400
1205,1573,1400
1207,1576,1400
1206,1577,1500
1205,1577,1500
1204,1578,1500
1200,1575,1500
1199,1576,1500
1198,1576,1500
1197,1576,1500
1193,1574,1500
1192,1574,1500
1191,1575,1500
1188,1572,1500
1187,1572,1500
1183,1570,1500
1179,1567,1500
1176,1565,1500
1173,1562,1500
1174,1562,1500
1175,1561,1500
1176,1561,1500
1177,1561,1500
1181,1563,1500
1182,1563,1500
1186,1565,1500
1187,1565,1500
1188,1565,1500
1189,1564,1500
1193,1567,1500
1194,1566,1500
1197,1569,1500
1198,1568,1500
1202,1571,1500
1205,1573,1400
1527,1886,1400
1524,1885,1400
1521,1884,1500
1519,1883,1500
1519,1885,1500
1516,1884,1500
1514,1883,1500
1514,1885,1500
1511,1884,1500
1508,1883,1500
1508,1884,1500
1506,1883,1500
1506,1885,1500
1503,1884,1500
1501,1882,1500
1501,1884,1500
1498,1883,1500
1495,1882,1500
1496,1883,1500
1493,1882,1500
1490,1881,1500
1488,1879,1500
1485,1877,1500
1482,1875,1500
1480,1872,1500
1477,1870,1500
1474,1867,1500
1471,1865,1500
1471,1867,1500
1471,1865,1500
1471,1864,1500
1474,1867,1500
1477,1870,1500
1480,1872,1500
1482,1874,1500
1485,1877,1500
1488,1878,1500
1490,1879,1500
1493,1880,1500
1495,1882,1500
1498,1883,1500
1498,1881,1500
1501,1882,1500
1503,1884,1500
1503,1882,1500
1506,1883,1500
1506,1882,1500
1508,1883,1500
1511,1884,1500
1511,1882,1500
1514,1883,1500
1516,1884,1500
1516,1882,1500
1519,1883,1500
1521,1884,1500
1521,1882,1500
1524,1885,1500
1527,1886,1400
1310,1681,1400
1307,1679,1400
1304,1677,1500
1300,1675,1500
1297,1672,1500
1299,1676,1500
1302,1679,1500
1305,1681,1500
1308,1684,1500
1311,1686,1500
1308,1684,1500
1305,1682,1500
1301,1680,1500
1298,1678,1500
1294,1676,1500
1291,1674,1500
1287,1671,1500
1287,1672,1500
1284,1670,1500
1280,1667,1500
1277,1665,1500
1273,1663,1500
1270,1660,1500
1274,1662,1500
1277,1664,1500
1281,1667,1500
1284,1669,1500
1287,1671,1500
1288,1671,1500
1291,1673,1500
1295,1675,1500
1298,1677,1500
1302,1679,1500
1299,1676,1500
1297,1672,1500
1294,1670,1500
1290,1668,1500
1287,1666,1500
1283,1664,1500
1280,1662,1500
1276,1659,1500
1273,1657,1500
1270,1654,1500
1266,1652,1500
1263,1650,1500
1262,1650,1500
1262,1651,1500
1261,1651,1500
1262,1651,1500
1262,1650,1500
1263,1650,1500
1263,1649,1500
1267,1651,1500
1270,1654,1500
1273,1657,1500
1277,1659,1500
1280,1661,1500
1284,1663,1500
1287,1665,1500
1291,1668,1500
1294,1670,1500
1297,1672,1500
1300,1675,1500
1304,1677,1500
1307,1679,1500
1310,1681,1400
1171,1552,1400
1168,1549,1400
1165,1547,1500
1161,1544,1500
1160,1544,1500
1159,1545,1500
1161,1548,1500
1159,1545,1500
1160,1544,1500
1161,1544,1500
1162,1544,1500
1165,1547,1500
1168,1549,1500
1171,1552,1400
1161,1557,1400
1164,1560,1400
1167,1563,1500
1170,1566,1500
1173,1569,1500
1176,1572,1500
1179,1574,1500
1182,1577,1500
1185,1580,1500
1188,1583,1500
1191,1586,1500
1194,1589,1500
1197,1591,1500
1200,1594,1500
1202,1597,1500
1205,1600,1500
1208,1603,1500
1211,1606,1500
1214,1609,1500
1217,1612,1500
1220,1615,1500
1223,1618,1500
1226,1620,1500
1229,1623,1500
1232,1627,1500
1235,1629,1500
1238,1632,1500
1241,1635,1500
1244,1638,1500
1247,1641,1500
1250,1644,1500
1253,1647,1500
1256,1650,1500
1259,1653,1500
1262,1656,1500
1265,1659,1500
1268,1662,1500
1271,1665,1500
1274,1668,1500
1277,1671,1500
1280,1674,1500
1283,1677,1500
1286,1680,1500
1289,1683,1500
1292,1686,1500
1295,1689,1500
1298,1691,1500
1301,1694,1500
1304,1698,1500
1307,1701,1500
1310,1704,1500
1313,1707,1500
1316,1710,1500
1319,1713,1500
1322,1716,1500
1325,1719,1500
1328,1722,1500
1331,1725,1500
1334,1728,1500
1337,1731,1500
1340,1734,1500
1343,1737,1500
1346,1740,1500
1349,1743,1500
1352,1746,1500
1355,1749,1500
1358,1752,1500
1361,1755,1500
1364,1758,1500
1367,1761,1500
1370,1764,1500
1373,1768,1500
1376,1771,1500
1379,1774,1500
1382,1777,1500
1385,1780,1500
1388,1783,1500
1390,1786,1500
1393,1789,1500
1396,1792,1500
1399,1794,1500
1402,1797,1500
1405,1800,1500
1408,1803,1500
1411,1806,1500
1414,1810,1500
1417,1813,1500
1420,1816,1500
1423,1819,1500
1426,1822,1500
1429,1825,1500
1431,1828,1500
1434,1831,1500
1437,1834,1500
1440,1837,1500
1443,1841,1500
1446,1844,1500
1449,1846,1500
1452,1849,1500
1455,1852,1500
1458,1855,1500
1460,1858,1500
1463,1861,1500
1466,1864,1500
1469,1867,1500
1472,1871,1500
1475,1874,1500
1478,1877,1500
1481,1879,1500
1483,1882,1500
1486,1885,1500
1489,1888,1500
1492,1891,1500
1495,1894,1500
1497,1896,1500
1500,1899,1500
1503,1902,1500
1506,1905,1500
1509,1909,1500
1512,1912,1500
1514,1914,1500
1517,1917,1500
1520,1920,1500
1523,1923,1500
1526,1925,1500
1528,1928,1500
1531,1931,1500
1534,1934,1500
1537,1936,1500
1539,1939,1500
1542,1942,1500
1539,1939,1500
1537,1936,1500
1534,1934,1500
1531,1931,1500
1528,1928,1500
1526,1925,1500
1523,1923,1500
1520,1920,1500
1517,1917,1500
1514,1914,1500
1512,1912,1500
1509,1909,1500
1506,1905,1500
1503,1902,1500
1500,1899,1500
1497,1896,1500
1495,1894,1500
1492,1891,1500
1489,1888,1500
1486,1885,1500
1483,1882,1500
1481,1879,1500
1478,1877,1500
1475,1874,1500
1472,1871,1500
1469,1867,1500
1466,1864,1500
1463,1861,1500
1460,1858,1500
1458,1855,1500
1455,1852,1500
1452,1849,1500
1449,1846,1500
1446,1844,1500
1443,1841,1500
1440,1837,1500
1437,1834,1500
1434,1831,1500
1431,1828,1500
1429,1825,1500
1426,1822,1500
1423,1819,1500
1420,1816,1500
1417,1813,1500
1414,1810,1500
1411,1807,1500
1408,1803,1500
1405,1800,1500
1402,1797,1500
1399,1794,1500
1396,1792,1500
1393,1789,1500
1390,1786,1500
1388,1783,1500
1385,1780,1500
1382,1777,1500
1379,1774,1500
1376,1771,1500
1373,1768,1500
1370,1765,1500
1367,1761,1500
1364,1758,1500
1361,1755,1500
1358,1752,1500
1355,1749,1500
1352,1746,1500
1349,1743,1500
1346,1740,1500
1343,1737,1500
1340,1734,1500
1337,1731,1500
1334,1728,1500
1331,1725,1500
1328,1722,1500
1325,1719,1500
1322,1716,1500
1319,1713,1500
1316,1710,1500
1313,1707,1500
1310,1704,1500
1307,1701,1500
1304,1698,1500
1301,1694,1500
1298,1691,1500
1295,1689,1500
1292,1686,1500
1289,1683,1500
1286,1680,1500
1283,1677,1500
1280,1674,1500
1277,1671,1500
1274,1668,1500
1271,1665,1500
1268,1662,1500
1265,1659,1500
1262,1656,1500
1259,1653,1500
1256,1650,1500
1253,1647,1500
1250,1644,1500
1247,1641,1500
1244,1638,1500
1241,1635,1500
1238,1632,1500
1235,1629,1500
1232,1627,1500
1229,1623,1500
1226,1620,1500
1223,1618,1500
1220,1615,1500
1217,1612,1500
1214,1609,1500
1211,1606,1500
1208,1603,1500
1205,1600,1500
1202,1597,1500
1200,1594,1500
1197,1591,1500
1194,1589,1500
1191,1586,1500
1188,1583,1500
1185,1580,1500
1182,1577,1500
1179,1574,1500
1176,1572,1500
1173,1569,1500
1170,1566,1500
1167,1563,1500
1164,1560,1500
1161,1557,1500
1159,1554,1500
1156,1552,1500
1152,1549,1500
1149,1546,1500
1145,1543,1500
1141,1541,1500
1140,1541,1500
1142,1544,1500
1145,1546,1500
1148,1549,1500
1151,1552,1500
1154,1555,1500
1157,1558,1500
1160,1561,1500
1163,1564,1500
1166,1566,1500
1169,1569,1500
1172,1572,1500
1175,1575,1500
1178,1578,1500
1181,1581,1500
1184,1584,1500
1187,1586,1500
1190,1589,1500
1193,1592,1500
1196,1595,1500
1199,1598,1500
1202,1601,1500
1205,1604,1500
1208,1607,1500
1211,1610,1500
1214,1613,1500
1217,1616,1500
1220,1619,1500
1224,1622,1500
1227,1625,1500
1230,1627,1500
1232,1631,1500
1235,1634,1500
1238,1637,1500
1242,1640,1500
1245,1643,1500
1248,1645,1500
1251,1648,1500
1254,1651,1500
1257,1654,1500
1260,1657,1500
1263,1661,1500
1266,1664,1500
1269,1667,1500
1272,1670,1500
1275,1673,1500
1278,1676,1500
1281,1679,1500
1284,1682,1500
1287,1685,1500
1291,1688,1500
1294,1691,1500
1297,1694,1500
1299,1697,1500
1303,1700,1500
1306,1703,1500
1309,1706,1500
1312,1709,1500
1315,1712,1500
1318,1715,1500
1321,1718,1500
1324,1721,1500
1327,1724,1500
1330,1727,1500
1333,1730,1500
1336,1733,1500
1339,1736,1500
1342,1739,1500
1345,1743,1500
1348,1746,1500
1351,1749,1500
1354,1752,1500
1357,1755,1500
1357,1756,1500
1354,1752,1500
1351,1749,1500
1348,1746,1500
1345,1743,1500
1342,1740,1500
1339,1736,1500
1336,1733,1500
1333,1730,1500
1330,1727,1500
1327,1724,1500
1324,1721,1500
1321,1718,1500
1318,1715,1500
1315,1712,1500
1312,1709,1500
1309,1706,1500
1306,1703,1500
1303,1700,1500
1299,1697,1500
1297,1694,1500
1294,1691,1500
1291,1688,1500
1287,1685,1500
1284,1682,1500
1281,1679,1500
1278,1676,1500
1275,1673,1500
1272,1670,1500
1269,1667,1500
1266,1664,1500
1263,1661,1500
1260,1657,1500
1257,1654,1500
1254,1651,1500
1251,1648,1500
1248,1645,1500
1245,1643,1500
1242,1640,1500
1238,1637,1500
1235,1634,1500
1232,1631,1500
1230,1627,1500
1227,1625,1500
1224,1622,1500
1220,1619,1500
1217,1616,1500
1214,1613,1500
1211,1610,1500
1208,1607,1500
1205,1604,1500
1202,1601,1500
1199,1598,1500
1196,1595,1500
1193,1592,1500
1190,1589,1500
1187,1586,1500
1184,1584,1500
1181,1581,1500
1178,1578,1500
1175,1575,1500
1172,1572,1500
1169,1569,1500
1166,1566,1500
1163,1564,1500
1160,1561,1500
1157,1558,1500
1154,1555,1500
1151,1552,1500
1148,1549,1500
1145,1546,1500
1142,1544,1500
1138,1541,1500
1140,1541,1500
1141,1541,1500
1142,1541,1500
1146,1543,1500
1149,1546,1500
1153,1549,1500
1156,1552,1500
1159,1554,1500
1161,1557,1400
1408,1807,1400
1405,1804,1400
1402,1801,1500
1399,1798,1500
1396,1795,1500
1393,1792,1500
1396,1795,1500
1399,1798,1500
1402,1801,1500
1405,1804,1500
1408,1807,1400
