1350,1336,1500
1348,1340,1500
1347,1345,1500
1345,1350,1500
1344,1354,1500
1342,1358,1500
1341,1363,1500
1339,1367,1500
1338,1371,1500
1336,1375,1500
1335,1379,1500
1333,1383,1500
1332,1386,1500
1331,1390,1500
1329,1394,1500
1328,1397,1500
1327,1401,1500
1325,1404,1500
1324,1408,1500
1323,1411,1500
1322,1414,1500
1320,1418,1500
1319,1421,1500
1318,1424,1500
1317,1427,1500
1316,1430,1500
1315,1433,1500
1314,1436,1500
1312,1439,1500
1311,1442,1500
1310,1445,1500
1309,1448,1500
1308,1450,1500
1307,1453,1500
1307,1456,1500
1306,1458,1500
1305,1461,1500
1304,1464,1500
1303,1466,1500
1302,1469,1500
1301,1471,1500
1301,1474,1500
1300,1476,1500
1299,1479,1500
1298,1481,1500
1298,1483,1500
1297,1486,1500
1296,1488,1500
1296,1490,1500
1295,1492,1500
1294,1494,1500
